t     x     v
0.00  0.00 0.000.00 0.00 0.00
0.01 0.00 0.00
0.01 0.00 0.00
0.02 0.00 0.00
0.02 0.00 0.00
0.03 0.00 0.00
0.03 0.00 0.00
0.04 0.00 0.00
0.04 0.00 0.00
0.05 0.00 0.00
0.05 0.00 0.00
0.06 0.00 0.00
0.06 0.00 0.00
0.07 0.00 0.00
0.07 0.00 0.00
0.08 0.00 0.00
0.09 0.00 0.00
0.09 0.00 0.00
0.10 0.00 0.00
0.10 0.00 0.00
0.11 0.00 0.00
0.11 0.00 0.00
0.12 0.00 0.00
0.12 0.00 0.00
0.13 0.00 0.00
0.13 0.00 0.00
0.14 0.00 0.00
0.14 0.00 0.00
0.14 0.00 0.00
0.15 0.00 0.00
0.15 0.00 0.00
0.16 0.00 0.00
0.16 0.00 0.00
0.17 0.00 0.00
0.17 0.00 0.00
0.18 0.00 0.00
0.18 0.00 0.00
0.19 0.00 0.00
0.19 0.00 0.01
0.20 0.00 0.01
0.20 0.00 0.02
0.21 0.00 0.02
0.21 0.00 0.03
0.22 0.00 0.03
0.22 0.00 0.04
0.23 0.00 0.04
0.23 0.00 0.05
0.24 0.00 0.05
0.24 0.00 0.06
0.25 0.00 0.06
0.25 0.00 0.07
0.26 0.00 0.07
0.26 0.00 0.08
0.27 0.00 0.08
0.27 0.00 0.09
0.28 0.00 0.09
0.28 0.01 0.10
0.29 0.01 0.10
0.29 0.01 0.11
0.30 0.01 0.11
0.30 0.01 0.12
0.31 0.01 0.12
0.31 0.01 0.13
0.32 0.01 0.13
0.32 0.01 0.14
0.33 0.01 0.14
0.33 0.01 0.14
0.34 0.01 0.15
0.34 0.01 0.15
0.35 0.01 0.16
0.35 0.01 0.16
0.36 0.02 0.17
0.36 0.02 0.17
0.37 0.02 0.18
0.37 0.02 0.18
0.38 0.02 0.19
0.38 0.02 0.19
0.39 0.02 0.20
0.39 0.02 0.20
0.40 0.02 0.20
0.40 0.02 0.21
0.41 0.02 0.21
0.41 0.03 0.22
0.42 0.03 0.22
0.42 0.03 0.23
0.43 0.03 0.23
0.43 0.03 0.24
0.44 0.03 0.24
0.44 0.03 0.24
0.45 0.03 0.25
0.45 0.04 0.25
0.46 0.04 0.26
0.46 0.04 0.26
0.47 0.04 0.27
0.47 0.04 0.27
0.48 0.04 0.27
0.48 0.04 0.28
0.49 0.05 0.28
0.49 0.05 0.29
0.50 0.05 0.29
0.50 0.05 0.30
0.51 0.05 0.30
0.51 0.05 0.31
0.52 0.05 0.31
0.52 0.06 0.31
0.53 0.06 0.32
0.53 0.06 0.32
0.54 0.06 0.33
0.54 0.06 0.33
0.55 0.06 0.33
0.55 0.07 0.34
0.56 0.07 0.34
0.56 0.07 0.35
0.57 0.07 0.35
0.57 0.07 0.36
0.58 0.07 0.36
0.58 0.08 0.36
0.59 0.08 0.37
0.59 0.08 0.37
0.60 0.08 0.38
0.60 0.08 0.38
0.61 0.09 0.38
0.61 0.09 0.39
0.62 0.09 0.39
0.62 0.09 0.39
0.63 0.09 0.39
0.63 0.10 0.38
0.64 0.10 0.38
0.64 0.10 0.38
0.65 0.10 0.38
0.65 0.10 0.38
0.66 0.10 0.38
0.66 0.11 0.38
0.67 0.11 0.38
0.67 0.11 0.38
0.68 0.11 0.38
0.68 0.11 0.37
0.69 0.12 0.37
0.69 0.12 0.37
0.70 0.12 0.37
0.70 0.12 0.37
0.71 0.12 0.37
0.71 0.13 0.37
0.72 0.13 0.37
0.72 0.13 0.37
0.73 0.13 0.37
0.73 0.13 0.37
0.74 0.13 0.36
0.74 0.14 0.36
0.75 0.14 0.36
0.75 0.14 0.36
0.76 0.14 0.36
0.76 0.14 0.36
0.77 0.15 0.36
0.77 0.15 0.36
0.78 0.15 0.36
0.78 0.15 0.36
0.79 0.15 0.36
0.79 0.15 0.36
0.80 0.16 0.35
0.80 0.16 0.35
0.81 0.16 0.35
0.81 0.16 0.35
0.82 0.16 0.35
0.82 0.16 0.35
0.83 0.17 0.35
0.83 0.17 0.35
0.84 0.17 0.35
0.84 0.17 0.35
0.85 0.17 0.35
0.85 0.18 0.34
0.86 0.18 0.34
0.86 0.18 0.34
0.87 0.18 0.34
0.87 0.18 0.34
0.88 0.18 0.34
0.88 0.19 0.34
0.89 0.19 0.34
0.89 0.19 0.34
0.90 0.19 0.34
0.90 0.19 0.34
0.91 0.19 0.34
0.91 0.20 0.33
0.92 0.20 0.33
0.92 0.20 0.33
0.93 0.20 0.33
0.93 0.20 0.33
0.94 0.20 0.33
0.94 0.21 0.33
0.95 0.21 0.33
0.95 0.21 0.33
0.96 0.21 0.33
0.96 0.21 0.33
0.97 0.21 0.33
0.97 0.22 0.33
0.98 0.22 0.32
0.98 0.22 0.32
0.99 0.22 0.32
0.99 0.22 0.32
1.00 0.22 0.32
1.00 0.22 0.32
1.01 0.23 0.32
1.01 0.23 0.32
1.02 0.23 0.32
1.02 0.23 0.32
1.03 0.23 0.32
1.03 0.23 0.32
1.04 0.24 0.31
1.04 0.24 0.31
1.05 0.24 0.31
1.05 0.24 0.31
1.06 0.24 0.31
1.06 0.24 0.31
1.07 0.25 0.31
1.07 0.25 0.31
1.08 0.25 0.31
1.08 0.25 0.31
1.09 0.25 0.31
1.09 0.25 0.31
1.10 0.25 0.31
1.10 0.26 0.31
1.11 0.26 0.30
1.11 0.26 0.30
1.12 0.26 0.30
1.12 0.26 0.30
1.13 0.26 0.30
1.13 0.27 0.30
1.14 0.27 0.30
1.14 0.27 0.30
1.15 0.27 0.30
1.15 0.27 0.30
1.16 0.27 0.30
1.16 0.27 0.30
1.17 0.28 0.30
1.17 0.28 0.29
1.18 0.28 0.29
1.18 0.28 0.29
1.19 0.28 0.29
1.19 0.28 0.29
1.20 0.28 0.29
1.20 0.29 0.29
1.21 0.29 0.29
1.21 0.29 0.29
1.22 0.29 0.29
1.22 0.29 0.29
1.23 0.29 0.29
1.23 0.29 0.29
1.24 0.30 0.29
1.24 0.30 0.28
1.25 0.30 0.28
1.25 0.30 0.28
1.26 0.30 0.28
1.26 0.30 0.28
1.27 0.30 0.28
1.27 0.31 0.28
1.28 0.31 0.28
1.28 0.31 0.28
1.29 0.31 0.28
1.29 0.31 0.28
1.30 0.31 0.28
1.30 0.31 0.28
1.31 0.32 0.28
1.31 0.32 0.28
1.32 0.32 0.27
1.32 0.32 0.27
1.33 0.32 0.27
1.33 0.32 0.27
1.34 0.32 0.27
1.34 0.33 0.27
1.35 0.33 0.27
1.35 0.33 0.27
1.36 0.33 0.27
1.36 0.33 0.27
1.37 0.33 0.27
1.37 0.33 0.27
1.38 0.33 0.27
1.38 0.34 0.27
1.39 0.34 0.27
1.39 0.34 0.26
1.40 0.34 0.26
1.40 0.34 0.26
1.41 0.34 0.26
1.41 0.34 0.26
1.42 0.35 0.26
1.42 0.35 0.26
1.43 0.35 0.26
1.43 0.35 0.26
1.44 0.35 0.26
1.44 0.35 0.26
1.45 0.35 0.26
1.45 0.35 0.26
1.46 0.36 0.26
1.46 0.36 0.26
1.47 0.36 0.26
1.47 0.36 0.25
1.48 0.36 0.25
1.48 0.36 0.25
1.49 0.36 0.25
1.49 0.36 0.25
1.50 0.37 0.25
1.50 0.37 0.25
1.51 0.37 0.25
1.51 0.37 0.25
1.52 0.37 0.25
1.52 0.37 0.25
1.53 0.37 0.25
1.53 0.37 0.25
1.54 0.38 0.25
1.54 0.38 0.25
1.55 0.38 0.25
1.55 0.38 0.24
1.56 0.38 0.24
1.56 0.38 0.24
1.57 0.38 0.24
1.57 0.38 0.24
1.58 0.39 0.24
1.58 0.39 0.24
1.59 0.39 0.24
1.59 0.39 0.24
1.60 0.39 0.24
1.60 0.39 0.24
1.61 0.39 0.24
1.61 0.39 0.24
1.62 0.39 0.24
1.62 0.40 0.24
1.63 0.40 0.24
1.63 0.40 0.24
1.64 0.40 0.23
1.64 0.40 0.23
1.65 0.40 0.23
1.65 0.40 0.23
1.66 0.40 0.23
1.66 0.41 0.23
1.67 0.41 0.23
1.67 0.41 0.23
1.68 0.41 0.23
1.68 0.41 0.23
1.69 0.41 0.23
1.69 0.41 0.23
1.70 0.41 0.23
1.70 0.41 0.23
1.71 0.42 0.23
1.71 0.42 0.23
1.72 0.42 0.23
1.72 0.42 0.23
1.73 0.42 0.22
1.73 0.42 0.22
1.74 0.42 0.22
1.74 0.42 0.22
1.75 0.42 0.22
1.75 0.43 0.22
1.76 0.43 0.22
1.76 0.43 0.22
1.77 0.43 0.22
1.77 0.43 0.22
1.78 0.43 0.22
1.78 0.43 0.22
1.79 0.43 0.22
1.79 0.43 0.22
1.80 0.44 0.22
1.80 0.44 0.22
1.81 0.44 0.22
1.81 0.44 0.22
1.82 0.44 0.21
1.82 0.44 0.21
1.83 0.44 0.21
1.83 0.44 0.21
1.84 0.44 0.21
1.84 0.45 0.21
1.85 0.45 0.21
1.85 0.45 0.21
1.86 0.45 0.21
1.86 0.45 0.21
1.87 0.45 0.21
1.87 0.45 0.21
1.88 0.45 0.21
1.88 0.45 0.21
1.89 0.45 0.21
1.89 0.46 0.21
1.90 0.46 0.21
1.90 0.46 0.21
1.91 0.46 0.21
1.91 0.46 0.20
1.92 0.46 0.20
1.92 0.46 0.20
1.93 0.46 0.20
1.93 0.46 0.20
1.94 0.46 0.20
1.94 0.47 0.20
1.95 0.47 0.20
1.95 0.47 0.20
1.96 0.47 0.20
1.96 0.47 0.20
1.97 0.47 0.20
1.97 0.47 0.20
1.98 0.47 0.20
1.98 0.47 0.20
1.99 0.47 0.20
1.99 0.48 0.20
2.00 0.48 0.20
2.00 0.48 0.20
2.01 0.48 0.20
2.01 0.48 0.20
2.02 0.48 0.19
2.02 0.48 0.19
2.03 0.48 0.19
2.03 0.48 0.19
2.04 0.48 0.19
2.04 0.49 0.19
2.05 0.49 0.19
2.05 0.49 0.19
2.06 0.49 0.19
2.06 0.49 0.19
2.07 0.49 0.19
2.08 0.49 0.19
2.08 0.49 0.19
2.09 0.49 0.19
2.09 0.49 0.19
2.10 0.50 0.19
2.10 0.50 0.19
2.11 0.50 0.19
2.11 0.50 0.19
2.12 0.50 0.19
2.12 0.50 0.19
2.13 0.50 0.18
2.13 0.50 0.18
2.14 0.50 0.18
2.14 0.50 0.18
2.15 0.50 0.18
2.15 0.51 0.18
2.16 0.51 0.18
2.16 0.51 0.18
2.17 0.51 0.18
2.17 0.51 0.18
2.18 0.51 0.18
2.18 0.51 0.18
2.19 0.51 0.18
2.19 0.51 0.18
2.20 0.51 0.18
2.20 0.51 0.18
2.21 0.52 0.18
2.21 0.52 0.18
2.22 0.52 0.18
2.22 0.52 0.18
2.23 0.52 0.18
2.23 0.52 0.18
2.24 0.52 0.18
2.24 0.52 0.17
2.25 0.52 0.17
2.25 0.52 0.17
2.26 0.52 0.17
2.26 0.52 0.17
2.27 0.53 0.17
2.27 0.53 0.17
2.28 0.53 0.17
2.28 0.53 0.17
2.29 0.53 0.17
2.29 0.53 0.17
2.30 0.53 0.17
2.30 0.53 0.17
2.31 0.53 0.17
2.31 0.53 0.17
2.32 0.53 0.17
2.32 0.53 0.17
2.33 0.54 0.17
2.33 0.54 0.17
2.34 0.54 0.17
2.34 0.54 0.17
2.35 0.54 0.17
2.35 0.54 0.17
2.36 0.54 0.17
2.36 0.54 0.16
2.37 0.54 0.16
2.37 0.54 0.16
2.38 0.54 0.16
2.38 0.54 0.16
2.39 0.55 0.16
2.39 0.55 0.16
2.40 0.55 0.16
2.40 0.55 0.16
2.41 0.55 0.16
2.41 0.55 0.16
2.42 0.55 0.16
2.42 0.55 0.16
2.43 0.55 0.16
2.43 0.55 0.16
2.44 0.55 0.16
2.44 0.55 0.16
2.45 0.56 0.16
2.45 0.56 0.16
2.46 0.56 0.16
2.46 0.56 0.16
2.47 0.56 0.16
2.47 0.56 0.16
2.48 0.56 0.16
2.48 0.56 0.16
2.49 0.56 0.15
2.49 0.56 0.15
2.50 0.56 0.15
2.50 0.56 0.15
2.51 0.56 0.15
2.51 0.57 0.15
2.52 0.57 0.15
2.52 0.57 0.15
2.53 0.57 0.15
2.53 0.57 0.15
2.54 0.57 0.15
2.54 0.57 0.15
2.55 0.57 0.15
2.55 0.57 0.15
2.56 0.57 0.15
2.56 0.57 0.15
2.57 0.57 0.15
2.57 0.57 0.15
2.58 0.58 0.15
2.58 0.58 0.15
2.59 0.58 0.15
2.59 0.58 0.15
2.60 0.58 0.15
2.60 0.58 0.15
2.61 0.58 0.15
2.61 0.58 0.15
2.62 0.58 0.15
2.62 0.58 0.14
2.63 0.58 0.14
2.63 0.58 0.14
2.64 0.58 0.14
2.64 0.58 0.14
2.65 0.59 0.14
2.65 0.59 0.14
2.66 0.59 0.14
2.66 0.59 0.14
2.67 0.59 0.14
2.67 0.59 0.14
2.68 0.59 0.14
2.68 0.59 0.14
2.69 0.59 0.14
2.69 0.59 0.14
2.70 0.59 0.14
2.70 0.59 0.14
2.71 0.59 0.14
2.71 0.59 0.14
2.72 0.60 0.14
2.72 0.60 0.14
2.73 0.60 0.14
2.73 0.60 0.14
2.74 0.60 0.14
2.74 0.60 0.14
2.75 0.60 0.14
2.75 0.60 0.14
2.76 0.60 0.14
2.76 0.60 0.14
2.77 0.60 0.14
2.77 0.60 0.13
2.78 0.60 0.13
2.78 0.60 0.13
2.79 0.60 0.13
2.79 0.61 0.13
2.80 0.61 0.13
2.80 0.61 0.13
2.81 0.61 0.13
2.81 0.61 0.13
2.82 0.61 0.13
2.82 0.61 0.13
2.83 0.61 0.13
2.83 0.61 0.13
2.84 0.61 0.13
2.84 0.61 0.13
2.85 0.61 0.13
2.85 0.61 0.13
2.86 0.61 0.13
2.86 0.61 0.13
2.87 0.62 0.13
2.87 0.62 0.13
2.88 0.62 0.13
2.88 0.62 0.13
2.89 0.62 0.13
2.89 0.62 0.13
2.90 0.62 0.13
2.90 0.62 0.13
2.91 0.62 0.13
2.91 0.62 0.13
2.92 0.62 0.13
2.92 0.62 0.13
2.93 0.62 0.12
2.93 0.62 0.12
2.94 0.62 0.12
2.94 0.62 0.12
2.95 0.63 0.12
2.95 0.63 0.12
2.96 0.63 0.12
2.96 0.63 0.12
2.97 0.63 0.11
2.97 0.63 0.11
2.98 0.63 0.10
2.98 0.63 0.10
2.99 0.63 0.09
2.99 0.63 0.09
3.00 0.63 0.09
3.00 0.63 0.08
3.01 0.63 0.08
3.01 0.63 0.07
3.02 0.63 0.07
3.02 0.63 0.06
3.03 0.63 0.06
3.03 0.63 0.05
3.04 0.63 0.05
3.04 0.63 0.04
3.05 0.63 0.04
3.05 0.63 0.03
3.06 0.63 0.03
3.06 0.63 0.02
3.07 0.63 0.02
3.07 0.63 0.01
3.08 0.63 0.01
3.08 0.63 0.00
3.09 0.63 -0.00
3.09 0.63 -0.01
3.10 0.63 -0.01
3.10 0.63 -0.02
3.11 0.63 -0.02
3.11 0.63 -0.03
3.12 0.63 -0.03
3.12 0.63 -0.04
3.13 0.63 -0.04
3.13 0.63 -0.05
3.14 0.63 -0.05
3.14 0.63 -0.06
3.15 0.63 -0.06
3.15 0.63 -0.07
3.16 0.63 -0.07
3.16 0.63 -0.08
3.17 0.63 -0.08
3.17 0.63 -0.09
3.18 0.63 -0.09
3.18 0.63 -0.10
3.19 0.63 -0.10
3.19 0.63 -0.11
3.20 0.63 -0.11
3.20 0.63 -0.11
3.21 0.63 -0.12
3.21 0.63 -0.12
3.22 0.63 -0.13
3.22 0.62 -0.13
3.23 0.62 -0.14
3.23 0.62 -0.14
3.24 0.62 -0.15
3.24 0.62 -0.15
3.25 0.62 -0.16
3.25 0.62 -0.16
3.26 0.62 -0.17
3.26 0.62 -0.17
3.27 0.62 -0.18
3.27 0.62 -0.18
3.28 0.62 -0.18
3.28 0.61 -0.19
3.29 0.61 -0.19
3.29 0.61 -0.20
3.30 0.61 -0.20
3.30 0.61 -0.21
3.31 0.61 -0.21
3.31 0.61 -0.22
3.32 0.61 -0.22
3.32 0.61 -0.22
3.33 0.61 -0.23
3.33 0.60 -0.23
3.34 0.60 -0.24
3.34 0.60 -0.24
3.35 0.60 -0.25
3.35 0.60 -0.25
3.36 0.60 -0.26
3.36 0.60 -0.26
3.37 0.60 -0.26
3.37 0.59 -0.27
3.38 0.59 -0.27
3.38 0.59 -0.28
3.39 0.59 -0.28
3.39 0.59 -0.29
3.40 0.59 -0.29
3.40 0.59 -0.29
3.41 0.58 -0.30
3.41 0.58 -0.30
3.42 0.58 -0.31
3.42 0.58 -0.31
3.43 0.58 -0.32
3.43 0.58 -0.32
3.44 0.57 -0.32
3.44 0.57 -0.33
3.45 0.57 -0.33
3.45 0.57 -0.34
3.46 0.57 -0.34
3.46 0.57 -0.35
3.47 0.56 -0.35
3.47 0.56 -0.35
3.48 0.56 -0.36
3.48 0.56 -0.36
3.49 0.56 -0.37
3.49 0.56 -0.37
3.50 0.55 -0.37
3.50 0.55 -0.38
3.51 0.55 -0.38
3.51 0.55 -0.39
3.52 0.55 -0.39
3.52 0.54 -0.39
3.53 0.54 -0.40
3.53 0.54 -0.40
3.54 0.54 -0.41
3.54 0.54 -0.41
3.55 0.53 -0.41
3.55 0.53 -0.42
3.56 0.53 -0.42
3.56 0.53 -0.43
3.57 0.52 -0.43
3.57 0.52 -0.43
3.58 0.52 -0.44
3.58 0.52 -0.44
3.59 0.52 -0.45
3.59 0.51 -0.45
3.60 0.51 -0.45
3.60 0.51 -0.46
3.61 0.51 -0.46
3.61 0.50 -0.47
3.62 0.50 -0.47
3.62 0.50 -0.47
3.63 0.50 -0.48
3.63 0.50 -0.48
3.64 0.49 -0.48
3.64 0.49 -0.49
3.65 0.49 -0.49
3.65 0.49 -0.50
3.66 0.48 -0.50
3.66 0.48 -0.50
3.67 0.48 -0.51
3.67 0.48 -0.51
3.68 0.47 -0.52
3.68 0.47 -0.52
3.69 0.47 -0.52
3.69 0.46 -0.53
3.70 0.46 -0.53
3.70 0.46 -0.53
3.71 0.46 -0.54
3.71 0.45 -0.54
3.72 0.45 -0.54
3.72 0.45 -0.55
3.73 0.45 -0.55
3.73 0.44 -0.56
3.74 0.44 -0.56
3.74 0.44 -0.56
3.75 0.43 -0.57
3.75 0.43 -0.57
3.76 0.43 -0.57
3.76 0.43 -0.58
3.77 0.42 -0.58
3.77 0.42 -0.58
3.78 0.42 -0.59
3.78 0.41 -0.59
3.79 0.41 -0.60
3.79 0.41 -0.60
3.80 0.41 -0.60
3.80 0.40 -0.61
3.81 0.40 -0.61
3.81 0.40 -0.61
3.82 0.39 -0.62
3.82 0.39 -0.62
3.83 0.39 -0.62
3.83 0.38 -0.63
3.84 0.38 -0.63
3.84 0.38 -0.63
3.85 0.37 -0.64
3.85 0.37 -0.64
3.86 0.37 -0.64
3.86 0.36 -0.65
3.87 0.36 -0.65
3.87 0.36 -0.65
3.88 0.35 -0.66
3.88 0.35 -0.66
3.89 0.35 -0.66
3.89 0.34 -0.67
3.90 0.34 -0.67
3.90 0.34 -0.67
3.91 0.33 -0.68
3.91 0.33 -0.68
3.92 0.33 -0.68
3.92 0.32 -0.69
3.93 0.32 -0.69
3.93 0.32 -0.69
3.94 0.31 -0.70
3.94 0.31 -0.70
3.95 0.31 -0.70
3.95 0.30 -0.71
3.96 0.30 -0.71
3.96 0.30 -0.71
3.97 0.29 -0.72
3.97 0.29 -0.72
3.98 0.29 -0.72
3.98 0.28 -0.73
3.99 0.28 -0.73
3.99 0.27 -0.73
4.00 0.27 -0.74
4.00 0.27 -0.74
4.01 0.26 -0.74
4.01 0.26 -0.75
4.02 0.26 -0.75
4.02 0.25 -0.75
4.03 0.25 -0.76
4.03 0.24 -0.76
4.04 0.24 -0.76
4.04 0.24 -0.77
4.05 0.23 -0.77
4.05 0.23 -0.77
4.06 0.23 -0.77
4.06 0.22 -0.78
4.07 0.22 -0.78
4.07 0.21 -0.78
4.08 0.21 -0.79
4.08 0.21 -0.79
4.09 0.20 -0.79
4.09 0.20 -0.80
4.10 0.19 -0.80
4.10 0.19 -0.80
4.11 0.19 -0.81
4.11 0.18 -0.81
4.12 0.18 -0.81
4.12 0.17 -0.81
4.13 0.17 -0.82
4.13 0.17 -0.82
4.14 0.16 -0.82
4.14 0.16 -0.83
4.15 0.15 -0.83
4.15 0.15 -0.83
4.16 0.14 -0.84
4.16 0.14 -0.84
4.17 0.14 -0.84
4.17 0.13 -0.84
4.18 0.13 -0.85
4.18 0.12 -0.85
4.19 0.12 -0.85
4.19 0.12 -0.86
4.20 0.11 -0.86
4.20 0.11 -0.86
4.21 0.10 -0.86
4.21 0.10 -0.87
4.22 0.09 -0.87
4.22 0.09 -0.87
4.23 0.08 -0.88
4.23 0.08 -0.88
4.24 0.08 -0.88
4.24 0.07 -0.88
4.25 0.07 -0.89
4.25 0.06 -0.89
4.26 0.06 -0.89
4.26 0.05 -0.90
4.27 0.05 -0.90
4.27 0.04 -0.90
4.28 0.04 -0.90
4.28 0.04 -0.91
4.29 0.03 -0.91
4.29 0.03 -0.91
4.30 0.02 -0.92
4.30 0.02 -0.92
4.31 0.01 -0.92
4.31 0.01 -0.92
4.32 0.00 -0.93
4.32 -0.00 -0.93
4.33 -0.01 -0.93
4.33 -0.01 -0.93
4.34 -0.02 -0.94
4.34 -0.02 -0.94
4.35 -0.02 -0.94
4.35 -0.03 -0.94
4.36 -0.03 -0.95
4.36 -0.04 -0.95
4.37 -0.04 -0.95
4.37 -0.05 -0.96
4.38 -0.05 -0.96
4.38 -0.06 -0.96
4.39 -0.06 -0.96
4.39 -0.07 -0.97
4.40 -0.07 -0.97
4.40 -0.08 -0.97
4.41 -0.08 -0.97
4.41 -0.09 -0.98
4.42 -0.09 -0.98
4.42 -0.10 -0.98
4.43 -0.10 -0.98
4.43 -0.11 -0.99
4.44 -0.11 -0.99
4.44 -0.12 -0.99
4.45 -0.12 -0.99
4.45 -0.13 -1.00
4.46 -0.13 -1.00
4.46 -0.14 -1.00
4.47 -0.14 -1.01
4.47 -0.15 -1.01
4.48 -0.15 -1.01
4.48 -0.16 -1.01
4.49 -0.16 -1.02
4.49 -0.17 -1.02
4.50 -0.17 -1.02
4.50 -0.18 -1.02
4.51 -0.18 -1.03
4.51 -0.19 -1.03
4.52 -0.19 -1.03
4.52 -0.20 -1.03
4.53 -0.20 -1.04
4.53 -0.21 -1.04
4.54 -0.21 -1.04
4.54 -0.22 -1.04
4.55 -0.22 -1.04
4.55 -0.23 -1.05
4.56 -0.23 -1.05
4.56 -0.24 -1.05
4.57 -0.24 -1.05
4.57 -0.25 -1.06
4.58 -0.26 -1.06
4.58 -0.26 -1.06
4.59 -0.27 -1.06
4.59 -0.27 -1.07
4.60 -0.28 -1.07
4.60 -0.28 -1.07
4.61 -0.29 -1.07
4.61 -0.29 -1.08
4.62 -0.30 -1.08
4.62 -0.30 -1.08
4.63 -0.31 -1.08
4.63 -0.31 -1.09
4.64 -0.32 -1.09
4.64 -0.33 -1.09
4.65 -0.33 -1.09
4.65 -0.34 -1.09
4.66 -0.34 -1.10
4.66 -0.35 -1.10
4.67 -0.35 -1.10
4.67 -0.36 -1.10
4.68 -0.36 -1.11
4.68 -0.37 -1.11
4.69 -0.37 -1.11
4.69 -0.38 -1.11
4.70 -0.39 -1.12
4.70 -0.39 -1.12
4.71 -0.40 -1.12
4.71 -0.40 -1.12
4.72 -0.41 -1.12
4.72 -0.41 -1.13
4.73 -0.42 -1.13
4.73 -0.43 -1.13
4.74 -0.43 -1.13
4.74 -0.44 -1.14
4.75 -0.44 -1.14
4.75 -0.45 -1.14
4.76 -0.45 -1.14
4.76 -0.46 -1.14
4.77 -0.47 -1.15
4.77 -0.47 -1.15
4.78 -0.48 -1.15
4.78 -0.48 -1.15
4.79 -0.49 -1.16
4.79 -0.49 -1.16
4.80 -0.50 -1.16
4.80 -0.51 -1.16
4.81 -0.51 -1.16
4.81 -0.52 -1.17
4.82 -0.52 -1.17
4.82 -0.53 -1.17
4.83 -0.53 -1.17
4.83 -0.54 -1.17
4.84 -0.55 -1.18
4.84 -0.55 -1.18
4.85 -0.56 -1.18
4.85 -0.56 -1.18
4.86 -0.57 -1.19
4.86 -0.58 -1.19
4.87 -0.58 -1.19
4.87 -0.59 -1.19
4.88 -0.59 -1.19
4.88 -0.60 -1.20
4.89 -0.61 -1.20
4.89 -0.61 -1.20
4.90 -0.62 -1.20
4.90 -0.62 -1.20
4.91 -0.63 -1.21
4.91 -0.64 -1.21
4.92 -0.64 -1.21
4.92 -0.65 -1.21
4.93 -0.65 -1.21
4.93 -0.66 -1.22
4.94 -0.67 -1.22
4.94 -0.67 -1.22
4.95 -0.68 -1.22
4.95 -0.68 -1.22
4.96 -0.69 -1.23
4.96 -0.70 -1.23
4.97 -0.70 -1.23
4.97 -0.71 -1.23
4.98 -0.72 -1.23
4.98 -0.72 -1.24
4.99 -0.73 -1.24
4.99 -0.73 -1.24
5.00 -0.74 -1.24
5.00 -0.75 -1.24
5.01 -0.75 -1.25
5.01 -0.76 -1.25
5.02 -0.77 -1.25
5.02 -0.77 -1.25
5.03 -0.78 -1.25
5.03 -0.78 -1.26
5.04 -0.79 -1.26
5.04 -0.80 -1.26
5.05 -0.80 -1.26
5.05 -0.81 -1.26
5.06 -0.82 -1.27
5.06 -0.82 -1.27
5.07 -0.83 -1.27
5.07 -0.83 -1.27
5.08 -0.84 -1.27
5.08 -0.85 -1.27
5.09 -0.85 -1.28
5.09 -0.86 -1.28
5.10 -0.87 -1.28
5.10 -0.87 -1.28
5.11 -0.88 -1.28
5.11 -0.89 -1.29
5.12 -0.89 -1.29
5.12 -0.90 -1.29
5.13 -0.91 -1.29
5.13 -0.91 -1.29
5.14 -0.92 -1.29
5.14 -0.92 -1.30
5.15 -0.93 -1.30
5.15 -0.94 -1.30
5.16 -0.94 -1.30
5.16 -0.95 -1.30
5.17 -0.96 -1.31
5.17 -0.96 -1.31
5.18 -0.97 -1.31
5.18 -0.98 -1.31
5.19 -0.98 -1.31
5.19 -0.99 -1.31
5.20 -1.00 -1.32
5.20 -1.00 1.32
5.21 -1.00 1.32
5.21 -0.99 1.31
5.22 -0.98 1.31
5.22 -0.98 1.31
5.23 -0.97 1.31
5.23 -0.96 1.31
5.24 -0.96 1.31
5.24 -0.95 1.30
5.25 -0.94 1.30
5.25 -0.94 1.30
5.26 -0.93 1.30
5.26 -0.92 1.30
5.27 -0.92 1.29
5.27 -0.91 1.29
5.28 -0.91 1.29
5.28 -0.90 1.28
5.29 -0.89 1.28
5.29 -0.89 1.28
5.30 -0.88 1.28
5.30 -0.87 1.29
5.31 -0.87 1.29
5.31 -0.86 1.29
5.32 -0.85 1.29
5.32 -0.85 1.29
5.33 -0.84 1.30
5.33 -0.83 1.30
5.34 -0.83 1.30
5.34 -0.82 1.30
5.35 -0.81 1.30
5.35 -0.81 1.30
5.36 -0.80 1.31
5.36 -0.80 1.31
5.37 -0.79 1.31
5.37 -0.78 1.31
5.38 -0.78 1.31
5.38 -0.77 1.32
5.39 -0.76 1.32
5.39 -0.76 1.32
5.40 -0.75 1.32
5.40 -0.74 1.32
5.41 -0.74 1.32
5.41 -0.73 1.33
5.42 -0.72 1.33
5.42 -0.72 1.33
5.43 -0.71 1.33
5.43 -0.70 1.33
5.44 -0.70 1.33
5.44 -0.69 1.34
5.45 -0.68 1.34
5.45 -0.68 1.34
5.46 -0.67 1.34
5.46 -0.66 1.34
5.47 -0.66 1.35
5.47 -0.65 1.35
5.48 -0.64 1.35
5.48 -0.64 1.35
5.49 -0.63 1.35
5.49 -0.62 1.35
5.50 -0.62 1.36
5.50 -0.61 1.36
5.51 -0.60 1.36
5.51 -0.59 1.36
5.52 -0.59 1.36
5.52 -0.58 1.36
5.53 -0.57 1.37
5.53 -0.57 1.37
5.54 -0.56 1.37
5.54 -0.55 1.37
5.55 -0.55 1.37
5.55 -0.54 1.37
5.56 -0.53 1.38
5.56 -0.53 1.38
5.57 -0.52 1.38
5.57 -0.51 1.38
5.58 -0.51 1.38
5.58 -0.50 1.38
5.59 -0.49 1.38
5.59 -0.48 1.39
5.60 -0.48 1.39
5.60 -0.47 1.39
5.61 -0.46 1.39
5.61 -0.46 1.39
5.62 -0.45 1.39
5.62 -0.44 1.40
5.63 -0.44 1.40
5.63 -0.43 1.40
5.64 -0.42 1.40
5.64 -0.42 1.40
5.65 -0.41 1.40
5.65 -0.40 1.41
5.66 -0.39 1.41
5.66 -0.39 1.41
5.67 -0.38 1.41
5.67 -0.37 1.41
5.68 -0.37 1.41
5.68 -0.36 1.41
5.69 -0.35 1.42
5.69 -0.34 1.42
5.70 -0.34 1.42
5.70 -0.33 1.42
5.71 -0.32 1.42
5.71 -0.32 1.42
5.72 -0.31 1.43
5.72 -0.30 1.43
5.73 -0.29 1.43
5.73 -0.29 1.43
5.74 -0.28 1.43
5.74 -0.27 1.43
5.75 -0.27 1.43
5.75 -0.26 1.44
5.76 -0.25 1.44
5.76 -0.24 1.44
5.77 -0.24 1.44
5.77 -0.23 1.44
5.78 -0.22 1.44
5.78 -0.22 1.44
5.79 -0.21 1.45
5.79 -0.20 1.45
5.80 -0.19 1.45
5.80 -0.19 1.45
5.81 -0.18 1.45
5.81 -0.17 1.45
5.82 -0.17 1.45
5.82 -0.16 1.46
5.83 -0.15 1.46
5.83 -0.14 1.46
5.84 -0.14 1.46
5.84 -0.13 1.46
5.85 -0.12 1.46
5.85 -0.11 1.46
5.86 -0.11 1.47
5.86 -0.10 1.47
5.87 -0.09 1.47
5.87 -0.08 1.47
5.88 -0.08 1.47
5.88 -0.07 1.47
5.89 -0.06 1.47
5.89 -0.06 1.48
5.90 -0.05 1.48
5.90 -0.04 1.48
5.91 -0.03 1.48
5.91 -0.03 1.48
5.92 -0.02 1.48
5.92 -0.01 1.48
5.93 -0.00 1.49
5.93 0.00 1.49
5.94 0.01 1.49
5.94 0.02 1.49
5.95 0.03 1.49
5.95 0.03 1.49
5.96 0.04 1.49
5.96 0.05 1.49
5.97 0.06 1.50
5.97 0.06 1.50
5.98 0.07 1.50
5.98 0.08 1.50
5.99 0.09 1.50
5.99 0.09 1.50
6.00 0.10 1.50
6.00 0.11 1.51
6.01 0.12 1.51
6.01 0.12 1.51
6.02 0.13 1.51
6.02 0.14 1.51
6.03 0.15 1.51
6.03 0.15 1.51
6.04 0.16 1.51
6.04 0.17 1.52
6.05 0.18 1.52
6.05 0.18 1.52
6.06 0.19 1.52
6.06 0.20 1.52
6.07 0.21 1.52
6.07 0.22 1.52
6.08 0.22 1.52
6.08 0.23 1.53
6.09 0.24 1.53
6.09 0.25 1.53
6.10 0.25 1.53
6.10 0.26 1.53
6.11 0.27 1.53
6.11 0.28 1.53
6.12 0.28 1.53
6.12 0.29 1.54
6.13 0.30 1.54
6.13 0.31 1.54
6.14 0.31 1.54
6.14 0.32 1.54
6.15 0.33 1.54
6.15 0.34 1.54
6.16 0.35 1.54
6.16 0.35 1.55
6.17 0.36 1.55
6.17 0.37 1.55
6.18 0.38 1.55
6.18 0.38 1.55
6.19 0.39 1.55
6.19 0.40 1.55
6.20 0.41 1.55
6.20 0.42 1.56
6.21 0.42 1.56
6.21 0.43 1.56
6.22 0.44 1.56
6.22 0.45 1.56
6.23 0.45 1.56
6.23 0.46 1.56
6.24 0.47 1.56
6.24 0.48 1.56
6.25 0.49 1.57
6.25 0.49 1.56
6.26 0.50 1.56
6.26 0.51 1.55
6.27 0.52 1.55
6.27 0.52 1.55
6.28 0.53 1.54
6.28 0.54 1.54
6.29 0.55 1.54
6.29 0.56 1.54
6.30 0.56 1.54
6.30 0.57 1.54
6.31 0.58 1.54
6.31 0.59 1.53
6.32 0.59 1.53
6.32 0.60 1.53
6.33 0.61 1.53
6.33 0.62 1.53
6.34 0.62 1.53
6.34 0.63 1.53
6.35 0.64 1.53
6.35 0.65 1.52
6.36 0.65 1.52
6.36 0.66 1.52
6.37 0.67 1.52
6.37 0.68 1.52
6.38 0.69 1.52
6.38 0.69 1.52
6.39 0.70 1.52
6.39 0.71 1.51
6.40 0.72 1.51
6.40 0.72 1.51
6.41 0.73 1.51
6.41 0.74 1.51
6.42 0.75 1.51
6.42 0.75 1.51
6.43 0.76 1.51
6.43 0.77 1.50
6.44 0.78 1.50
6.44 0.78 1.50
6.45 0.79 1.50
6.45 0.80 1.50
6.46 0.81 1.50
6.46 0.81 1.50
6.47 0.82 1.49
6.47 0.83 1.49
6.48 0.84 1.49
6.48 0.84 1.49
6.49 0.85 1.49
6.49 0.86 1.49
6.50 0.87 1.49
6.50 0.87 1.49
6.51 0.88 1.48
6.51 0.89 1.48
6.52 0.89 1.48
6.52 0.90 1.48
6.53 0.91 1.48
6.53 0.92 1.48
6.54 0.92 1.48
6.54 0.93 1.47
6.55 0.94 1.47
6.55 0.95 1.47
6.56 0.95 1.47
6.56 0.96 1.47
6.57 0.97 1.47
6.57 0.98 1.47
6.58 0.98 1.46
6.58 0.99 1.46
6.59 1.00 1.46
6.59 1.01 -1.46
6.60 1.00 -1.46
6.60 0.99 -1.46
6.61 0.98 -1.46
6.61 0.98 -1.47
6.62 0.97 -1.47
6.62 0.96 -1.47
6.63 0.95 -1.47
6.63 0.95 -1.47
6.64 0.94 -1.47
6.64 0.93 -1.47
6.65 0.92 -1.48
6.65 0.92 -1.48
6.66 0.91 -1.48
6.66 0.90 -1.48
6.67 0.89 -1.48
6.67 0.89 -1.48
6.68 0.88 -1.48
6.68 0.87 -1.49
6.69 0.87 -1.49
6.69 0.86 -1.49
6.70 0.85 -1.49
6.70 0.84 -1.49
6.71 0.84 -1.49
6.71 0.83 -1.49
6.72 0.82 -1.49
6.72 0.81 -1.50
6.73 0.81 -1.50
6.73 0.80 -1.50
6.74 0.79 -1.50
6.74 0.78 -1.50
6.75 0.78 -1.50
6.75 0.77 -1.50
6.76 0.76 -1.51
6.76 0.75 -1.51
6.77 0.75 -1.51
6.77 0.74 -1.51
6.78 0.73 -1.51
6.78 0.72 -1.51
6.79 0.72 -1.51
6.79 0.71 -1.51
6.80 0.70 -1.52
6.80 0.69 -1.52
6.81 0.68 -1.52
6.81 0.68 -1.52
6.82 0.67 -1.52
6.82 0.66 -1.52
6.83 0.65 -1.52
6.83 0.65 -1.52
6.84 0.64 -1.53
6.84 0.63 -1.53
6.85 0.62 -1.53
6.85 0.62 -1.53
6.86 0.61 -1.53
6.86 0.60 -1.53
6.87 0.59 -1.53
6.87 0.59 -1.53
6.88 0.58 -1.54
6.88 0.57 -1.54
6.89 0.56 -1.54
6.89 0.55 -1.54
6.90 0.55 -1.54
6.90 0.54 -1.54
6.91 0.53 -1.54
6.91 0.52 -1.54
6.92 0.52 -1.55
6.92 0.51 -1.55
6.93 0.50 -1.55
6.93 0.49 -1.55
6.94 0.49 -1.55
6.94 0.48 -1.55
6.95 0.47 -1.55
6.95 0.46 -1.55
6.96 0.45 -1.56
6.96 0.45 -1.56
6.97 0.44 -1.56
6.97 0.43 -1.56
6.98 0.42 -1.56
6.98 0.42 -1.56
6.99 0.41 -1.56
6.99 0.40 -1.56
7.00 0.39 -1.56
7.00 0.38 -1.57
7.01 0.38 -1.57
7.01 0.37 -1.57
7.02 0.36 -1.57
7.02 0.35 -1.57
7.03 0.34 -1.57
7.03 0.34 -1.57
7.04 0.33 -1.57
7.04 0.32 -1.57
7.05 0.31 -1.58
7.05 0.31 -1.58
7.06 0.30 -1.58
7.06 0.29 -1.58
7.07 0.28 -1.58
7.07 0.27 -1.58
7.08 0.27 -1.58
7.08 0.26 -1.58
7.09 0.25 -1.59
7.09 0.24 -1.59
7.10 0.23 -1.59
7.10 0.23 -1.59
7.11 0.22 -1.59
7.11 0.21 -1.59
7.12 0.20 -1.59
7.12 0.19 -1.59
7.13 0.19 -1.59
7.13 0.18 -1.59
7.14 0.17 -1.60
7.14 0.16 -1.60
7.15 0.15 -1.60
7.15 0.15 -1.60
7.16 0.14 -1.60
7.16 0.13 -1.60
7.17 0.12 -1.60
7.17 0.11 -1.60
7.18 0.11 -1.60
7.18 0.10 -1.61
7.19 0.09 -1.61
7.19 0.08 -1.61
7.20 0.07 -1.61
7.20 0.07 -1.61
7.21 0.06 -1.61
7.21 0.05 -1.61
7.22 0.04 -1.61
7.22 0.03 -1.61
7.23 0.03 -1.62
7.23 0.02 -1.62
7.24 0.01 -1.62
7.24 0.00 -1.62
7.25 -0.01 -1.62
7.25 -0.01 -1.62
7.26 -0.02 -1.62
7.26 -0.03 -1.62
7.27 -0.04 -1.62
7.27 -0.05 -1.62
7.28 -0.06 -1.63
7.28 -0.06 -1.63
7.29 -0.07 -1.63
7.29 -0.08 -1.63
7.30 -0.09 -1.63
7.30 -0.10 -1.63
7.31 -0.10 -1.63
7.31 -0.11 -1.63
7.32 -0.12 -1.63
7.32 -0.13 -1.63
7.33 -0.14 -1.64
7.33 -0.14 -1.64
7.34 -0.15 -1.64
7.34 -0.16 -1.64
7.35 -0.17 -1.64
7.35 -0.18 -1.64
7.36 -0.19 -1.64
7.36 -0.19 -1.64
7.37 -0.20 -1.64
7.37 -0.21 -1.64
7.38 -0.22 -1.65
7.38 -0.23 -1.65
7.39 -0.24 -1.65
7.39 -0.24 -1.65
7.40 -0.25 -1.65
7.40 -0.26 -1.65
7.41 -0.27 -1.64
7.41 -0.28 -1.64
7.42 -0.28 -1.63
7.42 -0.29 -1.63
7.43 -0.30 -1.62
7.43 -0.31 -1.62
7.44 -0.32 -1.62
7.44 -0.33 -1.61
7.45 -0.33 -1.61
7.45 -0.34 -1.61
7.46 -0.35 -1.60
7.46 -0.36 -1.60
7.47 -0.37 -1.59
7.47 -0.37 -1.59
7.48 -0.38 -1.59
7.48 -0.39 -1.58
7.49 -0.40 -1.58
7.49 -0.40 -1.57
7.50 -0.41 -1.57
7.50 -0.42 -1.57
7.51 -0.43 -1.56
7.51 -0.44 -1.56
7.52 -0.44 -1.55
7.52 -0.45 -1.55
7.53 -0.46 -1.55
7.53 -0.47 -1.54
7.54 -0.47 -1.54
7.54 -0.48 -1.54
7.55 -0.49 -1.53
7.55 -0.50 -1.53
7.56 -0.51 -1.52
7.56 -0.51 -1.52
7.57 -0.52 -1.52
7.57 -0.53 -1.51
7.58 -0.54 -1.51
7.58 -0.54 -1.51
7.59 -0.55 -1.51
7.59 -0.56 -1.51
7.60 -0.57 -1.50
7.60 -0.57 -1.50
7.61 -0.58 -1.50
7.61 -0.59 -1.50
7.62 -0.60 -1.50
7.62 -0.60 -1.50
7.63 -0.61 -1.50
7.63 -0.62 -1.50
7.64 -0.63 -1.49
7.64 -0.63 -1.49
7.65 -0.64 -1.49
7.65 -0.65 -1.49
7.66 -0.66 -1.49
7.66 -0.66 -1.49
7.67 -0.67 -1.49
7.67 -0.68 -1.48
7.68 -0.69 -1.48
7.68 -0.69 -1.48
7.69 -0.70 -1.48
7.69 -0.71 -1.48
7.70 -0.71 -1.48
7.70 -0.72 -1.48
7.71 -0.73 -1.47
7.71 -0.74 -1.47
7.72 -0.74 -1.47
7.72 -0.75 -1.47
7.73 -0.76 -1.47
7.73 -0.77 -1.47
7.74 -0.77 -1.47
7.74 -0.78 -1.47
7.75 -0.79 -1.46
7.75 -0.80 -1.46
7.76 -0.80 -1.46
7.76 -0.81 -1.46
7.77 -0.82 -1.46
7.77 -0.82 -1.46
7.78 -0.83 -1.46
7.78 -0.84 -1.45
7.79 -0.85 -1.45
7.79 -0.85 -1.45
7.80 -0.86 -1.45
7.80 -0.87 -1.45
7.81 -0.88 -1.45
7.81 -0.88 -1.45
7.82 -0.89 -1.44
7.82 -0.90 -1.44
7.83 -0.90 -1.44
7.83 -0.91 -1.44
7.84 -0.92 -1.44
7.84 -0.93 -1.44
7.85 -0.93 -1.43
7.85 -0.94 -1.43
7.86 -0.95 -1.43
7.86 -0.95 -1.43
7.87 -0.96 -1.43
7.87 -0.97 -1.43
7.88 -0.98 -1.43
7.88 -0.98 -1.42
7.89 -0.99 -1.42
7.89 -1.00 -1.42
7.90 -1.00 1.42
7.90 -1.00 1.42
7.91 -0.99 1.42
7.91 -0.98 1.42
7.92 -0.98 1.43
7.92 -0.97 1.43
7.93 -0.96 1.43
7.93 -0.95 1.43
7.94 -0.95 1.43
7.94 -0.94 1.43
7.95 -0.93 1.43
7.95 -0.93 1.44
7.96 -0.92 1.44
7.96 -0.91 1.44
7.97 -0.90 1.44
7.97 -0.90 1.44
7.98 -0.89 1.44
7.98 -0.88 1.45
7.99 -0.88 1.45
7.99 -0.87 1.45
8.00 -0.86 1.45
8.00 -0.85 1.45
8.01 -0.85 1.45
8.01 -0.84 1.45
8.02 -0.83 1.46
8.02 -0.82 1.46
8.03 -0.82 1.46
8.03 -0.81 1.46
8.04 -0.80 1.46
8.04 -0.80 1.46
8.05 -0.79 1.46
8.05 -0.78 1.47
8.06 -0.77 1.47
8.06 -0.77 1.47
8.07 -0.76 1.47
8.07 -0.75 1.47
8.08 -0.74 1.47
8.08 -0.74 1.47
8.09 -0.73 1.47
8.09 -0.72 1.48
8.10 -0.71 1.48
8.10 -0.71 1.48
8.11 -0.70 1.48
8.11 -0.69 1.48
8.12 -0.68 1.48
8.12 -0.68 1.48
8.13 -0.67 1.49
8.13 -0.66 1.49
8.14 -0.66 1.49
8.14 -0.65 1.49
8.15 -0.64 1.49
8.15 -0.63 1.49
8.16 -0.63 1.49
8.16 -0.62 1.50
8.17 -0.61 1.50
8.17 -0.60 1.50
8.18 -0.60 1.50
8.18 -0.59 1.50
8.19 -0.58 1.50
8.19 -0.57 1.50
8.20 -0.57 1.50
8.20 -0.56 1.51
8.21 -0.55 1.51
8.21 -0.54 1.51
8.22 -0.54 1.51
8.22 -0.53 1.51
8.23 -0.52 1.51
8.23 -0.51 1.51
8.24 -0.50 1.51
8.24 -0.50 1.52
8.25 -0.49 1.52
8.25 -0.48 1.52
8.26 -0.47 1.52
8.26 -0.47 1.52
8.27 -0.46 1.52
8.27 -0.45 1.52
8.28 -0.44 1.53
8.28 -0.44 1.53
8.29 -0.43 1.53
8.29 -0.42 1.53
8.30 -0.41 1.53
8.30 -0.41 1.53
8.31 -0.40 1.53
8.31 -0.39 1.53
8.32 -0.38 1.54
8.32 -0.38 1.54
8.33 -0.37 1.54
8.33 -0.36 1.54
8.34 -0.35 1.54
8.34 -0.34 1.54
8.35 -0.34 1.54
8.35 -0.33 1.54
8.36 -0.32 1.54
8.36 -0.31 1.55
8.37 -0.31 1.55
8.37 -0.30 1.55
8.38 -0.29 1.55
8.38 -0.28 1.55
8.39 -0.27 1.55
8.39 -0.27 1.55
8.40 -0.26 1.55
8.40 -0.25 1.56
8.41 -0.24 1.56
8.41 -0.24 1.56
8.42 -0.23 1.56
8.42 -0.22 1.56
8.43 -0.21 1.56
8.43 -0.20 1.56
8.44 -0.20 1.56
8.44 -0.19 1.57
8.45 -0.18 1.57
8.45 -0.17 1.57
8.46 -0.17 1.57
8.46 -0.16 1.57
8.47 -0.15 1.57
8.47 -0.14 1.57
8.48 -0.13 1.57
8.48 -0.13 1.57
8.49 -0.12 1.58
8.49 -0.11 1.58
8.50 -0.10 1.58
8.50 -0.09 1.58
8.51 -0.09 1.58
8.51 -0.08 1.58
8.52 -0.07 1.58
8.52 -0.06 1.58
8.53 -0.05 1.58
8.53 -0.05 1.59
8.54 -0.04 1.59
8.54 -0.03 1.59
8.55 -0.02 1.59
8.55 -0.02 1.59
8.56 -0.01 1.59
8.56 0.00 1.59
8.57 0.01 1.59
8.57 0.02 1.59
8.58 0.02 1.60
8.58 0.03 1.60
8.59 0.04 1.60
8.59 0.05 1.60
8.60 0.06 1.60
8.60 0.06 1.60
8.61 0.07 1.60
8.61 0.08 1.60
8.62 0.09 1.60
8.62 0.10 1.61
8.63 0.10 1.61
8.63 0.11 1.61
8.64 0.12 1.61
8.64 0.13 1.61
8.65 0.14 1.61
8.65 0.14 1.61
8.66 0.15 1.61
8.66 0.16 1.61
8.67 0.17 1.61
8.67 0.18 1.62
8.68 0.19 1.62
8.68 0.19 1.62
8.69 0.20 1.62
8.69 0.21 1.62
8.70 0.22 1.62
8.70 0.23 1.62
8.71 0.23 1.62
8.71 0.24 1.62
8.72 0.25 1.62
8.72 0.26 1.63
8.73 0.27 1.63
8.73 0.27 1.63
8.74 0.28 1.63
8.74 0.29 1.63
8.75 0.30 1.63
8.75 0.31 1.63
8.76 0.32 1.63
8.76 0.32 1.63
8.77 0.33 1.63
8.77 0.34 1.64
8.78 0.35 1.64
8.78 0.36 1.64
8.79 0.36 1.64
8.79 0.37 1.64
8.80 0.38 1.64
8.80 0.39 1.64
8.81 0.40 1.64
8.81 0.41 1.64
8.82 0.41 1.64
8.82 0.42 1.65
8.83 0.43 1.65
8.83 0.44 1.65
8.84 0.45 1.65
8.84 0.45 1.65
8.85 0.46 1.65
8.85 0.47 1.65
8.86 0.48 1.65
8.86 0.49 1.65
8.87 0.50 1.65
8.87 0.50 1.66
8.88 0.51 1.66
8.88 0.52 1.66
8.89 0.53 1.66
8.89 0.54 1.66
8.90 0.55 1.66
8.90 0.55 1.66
8.91 0.56 1.66
8.91 0.57 1.66
8.92 0.58 1.66
8.92 0.59 1.66
8.93 0.60 1.67
8.93 0.60 1.67
8.94 0.61 1.67
8.94 0.62 1.67
8.95 0.63 1.67
8.95 0.64 1.67
8.96 0.65 1.67
8.96 0.65 1.67
8.97 0.66 1.67
8.97 0.67 1.67
8.98 0.68 1.67
8.98 0.69 1.68
8.99 0.70 1.68
8.99 0.70 1.68
9.00 0.71 1.68
9.00 0.72 1.68
9.01 0.73 1.67
9.01 0.74 1.67
9.02 0.75 1.66
9.02 0.75 1.66
9.03 0.76 1.65
9.03 0.77 1.65
9.04 0.78 1.65
9.04 0.79 1.64
9.05 0.80 1.64
9.05 0.80 1.63
9.06 0.81 1.63
9.06 0.82 1.63
9.07 0.83 1.62
9.07 0.84 1.62
9.08 0.84 1.61
9.08 0.85 1.61
9.09 0.86 1.61
9.09 0.87 1.60
9.10 0.88 1.60
9.10 0.88 1.60
9.11 0.89 1.59
9.11 0.90 1.59
9.12 0.91 1.58
9.12 0.92 1.58
9.13 0.92 1.58
9.13 0.93 1.57
9.14 0.94 1.57
9.14 0.95 1.56
9.15 0.96 1.56
9.15 0.96 1.56
9.16 0.97 1.55
9.16 0.98 1.55
9.17 0.99 1.55
9.17 0.99 1.54
9.18 1.00 -1.54
9.18 0.99 -1.54
9.19 0.99 -1.54
9.19 0.98 -1.54
9.20 0.97 -1.54
9.20 0.96 -1.55
9.21 0.96 -1.55
9.21 0.95 -1.55
9.22 0.94 -1.55
9.22 0.93 -1.55
9.23 0.92 -1.55
9.23 0.92 -1.55
9.24 0.91 -1.55
9.24 0.90 -1.56
9.25 0.89 -1.56
9.25 0.89 -1.56
9.26 0.88 -1.56
9.26 0.87 -1.56
9.27 0.86 -1.56
9.27 0.85 -1.56
9.28 0.85 -1.56
9.28 0.84 -1.57
9.29 0.83 -1.57
9.29 0.82 -1.57
9.30 0.82 -1.57
9.30 0.81 -1.57
9.31 0.80 -1.57
9.31 0.79 -1.57
9.32 0.78 -1.57
9.32 0.78 -1.57
9.33 0.77 -1.58
9.33 0.76 -1.58
9.34 0.75 -1.58
9.34 0.74 -1.58
9.35 0.74 -1.58
9.35 0.73 -1.58
9.36 0.72 -1.58
9.36 0.71 -1.58
9.37 0.70 -1.58
9.37 0.70 -1.59
9.38 0.69 -1.59
9.38 0.68 -1.59
9.39 0.67 -1.59
9.39 0.67 -1.59
9.40 0.66 -1.59
9.40 0.65 -1.59
9.41 0.64 -1.59
9.41 0.63 -1.59
9.42 0.63 -1.60
9.42 0.62 -1.60
9.43 0.61 -1.60
9.43 0.60 -1.60
9.44 0.59 -1.60
9.44 0.59 -1.60
9.45 0.58 -1.60
9.45 0.57 -1.60
9.46 0.56 -1.60
9.46 0.55 -1.61
9.47 0.55 -1.61
9.47 0.54 -1.61
9.48 0.53 -1.61
9.48 0.52 -1.61
9.49 0.51 -1.61
9.49 0.50 -1.61
9.50 0.50 -1.61
9.50 0.49 -1.61
9.51 0.48 -1.61
9.51 0.47 -1.62
9.52 0.46 -1.62
9.52 0.46 -1.62
9.53 0.45 -1.62
9.53 0.44 -1.62
9.54 0.43 -1.62
9.54 0.42 -1.62
9.55 0.42 -1.62
9.55 0.41 -1.62
9.56 0.40 -1.62
9.56 0.39 -1.63
9.57 0.38 -1.63
9.57 0.38 -1.63
9.58 0.37 -1.63
9.58 0.36 -1.63
9.59 0.35 -1.63
9.59 0.34 -1.63
9.60 0.33 -1.63
9.60 0.33 -1.63
9.61 0.32 -1.63
9.61 0.31 -1.64
9.62 0.30 -1.64
9.62 0.29 -1.64
9.63 0.29 -1.64
9.63 0.28 -1.64
9.64 0.27 -1.64
9.64 0.26 -1.64
9.65 0.25 -1.64
9.65 0.24 -1.64
9.66 0.24 -1.64
9.66 0.23 -1.65
9.67 0.22 -1.65
9.67 0.21 -1.65
9.68 0.20 -1.65
9.68 0.20 -1.65
9.69 0.19 -1.65
9.69 0.18 -1.65
9.70 0.17 -1.65
9.70 0.16 -1.65
9.71 0.15 -1.65
9.71 0.15 -1.66
9.72 0.14 -1.66
9.72 0.13 -1.66
9.73 0.12 -1.66
9.73 0.11 -1.66
9.74 0.10 -1.66
9.74 0.10 -1.66
9.75 0.09 -1.66
9.75 0.08 -1.66
9.76 0.07 -1.66
9.76 0.06 -1.66
9.77 0.05 -1.67
9.77 0.05 -1.67
9.78 0.04 -1.67
9.78 0.03 -1.67
9.79 0.02 -1.67
9.79 0.01 -1.67
9.80 0.00 -1.67
9.80 -0.00 -1.67
9.81 -0.01 -1.67
9.81 -0.02 -1.67
9.82 -0.03 -1.67
9.82 -0.04 -1.68
9.83 -0.05 -1.68
9.83 -0.05 -1.68
9.84 -0.06 -1.68
9.84 -0.07 -1.68
9.85 -0.08 -1.68
9.85 -0.09 -1.68
9.86 -0.10 -1.68
9.86 -0.10 -1.68
9.87 -0.11 -1.68
9.87 -0.12 -1.68
9.88 -0.13 -1.69
9.88 -0.14 -1.69
9.89 -0.15 -1.69
9.89 -0.16 -1.69
9.90 -0.16 -1.69
9.90 -0.17 -1.69
9.91 -0.18 -1.69
9.91 -0.19 -1.69
9.92 -0.20 -1.69
9.92 -0.21 -1.69
9.93 -0.21 -1.69
9.93 -0.22 -1.69
9.94 -0.23 -1.70
9.94 -0.24 -1.70
9.95 -0.25 -1.70
9.95 -0.26 -1.70
9.96 -0.27 -1.70
9.96 -0.27 -1.70
9.97 -0.28 -1.70
9.97 -0.29 -1.70
9.98 -0.30 -1.70
9.98 -0.31 -1.70
9.99 -0.32 -1.70
9.99 -0.33 -1.70
10.00 -0.33 -1.71
10.00 -0.34 -1.71
10.01 -0.35 -1.71
10.01 -0.36 -1.71
10.02 -0.37 -1.71
10.02 -0.38 -1.71
10.03 -0.38 -1.71
10.03 -0.39 -1.71
10.04 -0.40 -1.71
10.04 -0.41 -1.71
10.05 -0.42 -1.71
10.05 -0.43 -1.71
10.06 -0.44 -1.72
10.06 -0.44 -1.72
10.07 -0.45 -1.72
10.07 -0.46 -1.72
10.08 -0.47 -1.72
10.08 -0.48 -1.72
10.09 -0.49 -1.72
10.09 -0.50 -1.72
10.10 -0.51 -1.72
10.10 -0.51 -1.72
10.11 -0.52 -1.72
10.11 -0.53 -1.72
10.12 -0.54 -1.72
10.12 -0.55 -1.73
10.13 -0.56 -1.73
10.13 -0.57 -1.73
10.14 -0.57 -1.73
10.14 -0.58 -1.73
10.15 -0.59 -1.73
10.15 -0.60 -1.73
10.16 -0.61 -1.73
10.16 -0.62 -1.73
10.17 -0.63 -1.73
10.17 -0.63 -1.73
10.18 -0.64 -1.73
10.18 -0.65 -1.73
10.19 -0.66 -1.73
10.19 -0.67 -1.72
10.20 -0.68 -1.72
10.20 -0.69 -1.72
10.21 -0.70 -1.72
10.21 -0.70 -1.72
10.22 -0.71 -1.72
10.22 -0.72 -1.72
10.23 -0.73 -1.72
10.23 -0.74 -1.72
10.24 -0.75 -1.72
10.24 -0.76 -1.72
10.25 -0.76 -1.72
10.25 -0.77 -1.72
10.26 -0.78 -1.71
10.26 -0.79 -1.71
10.27 -0.80 -1.71
10.27 -0.81 -1.71
10.28 -0.82 -1.71
10.28 -0.82 -1.71
10.29 -0.83 -1.71
10.29 -0.84 -1.71
10.30 -0.85 -1.71
10.30 -0.86 -1.71
10.31 -0.87 -1.71
10.31 -0.87 -1.71
10.32 -0.88 -1.70
10.32 -0.89 -1.70
10.33 -0.90 -1.70
10.33 -0.91 -1.70
10.34 -0.92 -1.70
10.34 -0.93 -1.70
10.35 -0.93 -1.70
10.35 -0.94 -1.70
10.36 -0.95 -1.70
10.36 -0.96 -1.70
10.37 -0.97 -1.70
10.37 -0.98 -1.70
10.38 -0.99 -1.69
10.38 -0.99 -1.69
10.39 -1.00 1.69
10.39 -0.99 1.69
10.40 -0.99 1.69
10.40 -0.98 1.70
10.41 -0.97 1.70
10.41 -0.96 1.70
10.42 -0.95 1.70
10.42 -0.94 1.70
10.43 -0.93 1.70
10.43 -0.93 1.70
10.44 -0.92 1.70
10.44 -0.91 1.70
10.45 -0.90 1.70
10.45 -0.89 1.70
10.46 -0.88 1.70
10.46 -0.87 1.71
10.47 -0.87 1.71
10.47 -0.86 1.71
10.48 -0.85 1.71
10.48 -0.84 1.71
10.49 -0.83 1.71
10.49 -0.82 1.71
10.50 -0.82 1.71
10.50 -0.81 1.71
10.51 -0.80 1.71
10.51 -0.79 1.71
10.52 -0.78 1.71
10.52 -0.77 1.72
10.53 -0.76 1.72
10.53 -0.76 1.72
10.54 -0.75 1.72
10.54 -0.74 1.72
10.55 -0.73 1.72
10.55 -0.72 1.72
10.56 -0.71 1.72
10.56 -0.70 1.72
10.57 -0.69 1.72
10.57 -0.69 1.72
10.58 -0.68 1.72
10.58 -0.67 1.72
10.59 -0.66 1.73
10.59 -0.65 1.73
10.60 -0.64 1.73
10.60 -0.63 1.73
10.61 -0.63 1.73
10.61 -0.62 1.73
10.62 -0.61 1.73
10.62 -0.60 1.73
10.63 -0.59 1.73
10.63 -0.58 1.73
10.64 -0.57 1.73
10.64 -0.57 1.73
10.65 -0.56 1.73
10.65 -0.55 1.74
10.66 -0.54 1.74
10.66 -0.53 1.74
10.67 -0.52 1.74
10.67 -0.51 1.74
10.68 -0.50 1.74
10.68 -0.50 1.74
10.69 -0.49 1.74
10.69 -0.48 1.74
10.70 -0.47 1.74
10.70 -0.46 1.74
10.71 -0.45 1.74
10.71 -0.44 1.74
10.72 -0.43 1.74
10.72 -0.43 1.75
10.73 -0.42 1.75
10.73 -0.41 1.75
10.74 -0.40 1.75
10.74 -0.39 1.75
10.75 -0.38 1.75
10.75 -0.37 1.75
10.76 -0.36 1.75
10.76 -0.36 1.75
10.77 -0.35 1.75
10.77 -0.34 1.75
10.78 -0.33 1.75
10.78 -0.32 1.75
10.79 -0.31 1.75
10.79 -0.30 1.76
10.80 -0.29 1.76
10.80 -0.29 1.76
10.81 -0.28 1.76
10.81 -0.27 1.76
10.82 -0.26 1.76
10.82 -0.25 1.76
10.83 -0.24 1.76
10.83 -0.23 1.76
10.84 -0.22 1.76
10.84 -0.22 1.76
10.85 -0.21 1.76
10.85 -0.20 1.76
10.86 -0.19 1.76
10.86 -0.18 1.77
10.87 -0.17 1.77
10.87 -0.16 1.77
10.88 -0.15 1.77
10.88 -0.14 1.77
10.89 -0.14 1.77
10.89 -0.13 1.77
10.90 -0.12 1.77
10.90 -0.11 1.77
10.91 -0.10 1.77
10.91 -0.09 1.77
10.92 -0.08 1.77
10.92 -0.07 1.77
10.93 -0.07 1.77
10.93 -0.06 1.77
10.94 -0.05 1.78
10.94 -0.04 1.78
10.95 -0.03 1.78
10.95 -0.02 1.78
10.96 -0.01 1.78
10.96 -0.00 1.78
10.97 0.01 1.78
10.97 0.01 1.78
10.98 0.02 1.78
10.98 0.03 1.78
10.99 0.04 1.78
10.99 0.05 1.78
11.00 0.06 1.78
11.00 0.07 1.78
11.01 0.08 1.78
11.01 0.09 1.78
11.02 0.10 1.79
11.02 0.10 1.79
11.03 0.11 1.79
11.03 0.12 1.79
11.04 0.13 1.79
11.04 0.14 1.79
11.05 0.15 1.79
11.05 0.16 1.79
11.06 0.17 1.79
11.06 0.18 1.79
11.07 0.18 1.79
11.07 0.19 1.79
11.08 0.20 1.79
11.08 0.21 1.79
11.09 0.22 1.79
11.09 0.23 1.79
11.10 0.24 1.79
11.10 0.25 1.80
11.11 0.26 1.80
11.11 0.27 1.80
11.12 0.27 1.80
11.12 0.28 1.80
11.13 0.29 1.80
11.13 0.30 1.80
11.14 0.31 1.80
11.14 0.32 1.80
11.15 0.33 1.80
11.15 0.34 1.80
11.16 0.35 1.80
11.16 0.36 1.80
11.17 0.36 1.80
11.17 0.37 1.80
11.18 0.38 1.80
11.18 0.39 1.80
11.19 0.40 1.81
11.19 0.41 1.81
11.20 0.42 1.81
11.20 0.43 1.81
11.21 0.44 1.81
11.21 0.45 1.81
11.22 0.45 1.81
11.22 0.46 1.81
11.23 0.47 1.81
11.23 0.48 1.81
11.24 0.49 1.81
11.24 0.50 1.81
11.25 0.51 1.81
11.25 0.52 1.81
11.26 0.53 1.81
11.26 0.54 1.81
11.27 0.55 1.81
11.27 0.55 1.82
11.28 0.56 1.82
11.28 0.57 1.82
11.29 0.58 1.82
11.29 0.59 1.82
11.30 0.60 1.82
11.30 0.61 1.82
11.31 0.62 1.82
11.31 0.63 1.82
11.32 0.64 1.81
11.32 0.65 1.81
11.33 0.65 1.81
11.33 0.66 1.81
11.34 0.67 1.80
11.34 0.68 1.80
11.35 0.69 1.79
11.35 0.70 1.79
11.36 0.71 1.78
11.36 0.72 1.78
11.37 0.73 1.77
11.37 0.73 1.77
11.38 0.74 1.77
11.38 0.75 1.76
11.39 0.76 1.76
11.39 0.77 1.75
11.40 0.78 1.75
11.40 0.79 1.74
11.41 0.80 1.74
11.41 0.80 1.74
11.42 0.81 1.73
11.42 0.82 1.73
11.43 0.83 1.72
11.43 0.84 1.72
11.44 0.85 1.71
11.44 0.86 1.71
11.45 0.86 1.71
11.45 0.87 1.70
11.46 0.88 1.70
11.46 0.89 1.69
11.47 0.90 1.69
11.47 0.91 1.69
11.48 0.92 1.68
11.48 0.92 1.68
11.49 0.93 1.68
11.49 0.94 1.68
11.50 0.95 1.67
11.50 0.96 1.67
11.51 0.97 1.67
11.51 0.97 1.67
11.52 0.98 1.67
11.52 0.99 1.67
11.53 1.00 1.67
11.53 1.01 -1.67
11.54 1.00 -1.67
11.54 0.99 -1.67
11.55 0.98 -1.67
11.55 0.97 -1.67
11.56 0.97 -1.67
11.56 0.96 -1.67
11.57 0.95 -1.67
11.57 0.94 -1.68
11.58 0.93 -1.68
11.58 0.92 -1.68
11.59 0.92 -1.68
11.59 0.91 -1.68
11.60 0.90 -1.68
11.60 0.89 -1.68
11.61 0.88 -1.68
11.61 0.87 -1.68
11.62 0.86 -1.68
11.62 0.86 -1.68
11.63 0.85 -1.68
11.63 0.84 -1.69
11.64 0.83 -1.69
11.64 0.82 -1.69
11.65 0.81 -1.69
11.65 0.81 -1.69
11.66 0.80 -1.69
11.66 0.79 -1.69
11.67 0.78 -1.69
11.67 0.77 -1.69
11.68 0.76 -1.69
11.68 0.76 -1.69
11.69 0.75 -1.70
11.69 0.74 -1.70
11.70 0.73 -1.70
11.70 0.72 -1.70
11.71 0.71 -1.70
11.71 0.70 -1.70
11.72 0.70 -1.70
11.72 0.69 -1.70
11.73 0.68 -1.70
11.73 0.67 -1.70
11.74 0.66 -1.70
11.74 0.65 -1.70
11.75 0.64 -1.71
11.75 0.64 -1.71
11.76 0.63 -1.71
11.76 0.62 -1.71
11.77 0.61 -1.71
11.77 0.60 -1.71
11.78 0.59 -1.71
11.78 0.58 -1.71
11.79 0.58 -1.71
11.79 0.57 -1.71
11.80 0.56 -1.71
11.80 0.55 -1.71
11.81 0.54 -1.71
11.81 0.53 -1.72
11.82 0.52 -1.72
11.82 0.52 -1.72
11.83 0.51 -1.72
11.83 0.50 -1.72
11.84 0.49 -1.72
11.84 0.48 -1.72
11.85 0.47 -1.72
11.85 0.46 -1.72
11.86 0.46 -1.72
11.86 0.45 -1.72
11.87 0.44 -1.72
11.87 0.43 -1.72
11.88 0.42 -1.73
11.88 0.41 -1.73
11.89 0.40 -1.73
11.89 0.40 -1.73
11.90 0.39 -1.73
11.90 0.38 -1.73
11.91 0.37 -1.73
11.91 0.36 -1.73
11.92 0.35 -1.73
11.92 0.34 -1.73
11.93 0.34 -1.73
11.93 0.33 -1.73
11.94 0.32 -1.73
11.94 0.31 -1.74
11.95 0.30 -1.74
11.95 0.29 -1.74
11.96 0.28 -1.74
11.96 0.27 -1.74
11.97 0.27 -1.74
11.97 0.26 -1.74
11.98 0.25 -1.74
11.98 0.24 -1.74
11.99 0.23 -1.74
11.99 0.22 -1.74
12.00 0.21 -1.74
12.00 0.20 -1.74
12.01 0.20 -1.75
12.01 0.19 -1.75
12.02 0.18 -1.75
12.02 0.17 -1.75
12.03 0.16 -1.75
12.03 0.15 -1.75
12.04 0.14 -1.75
12.04 0.13 -1.75
12.05 0.13 -1.75
12.05 0.12 -1.75
12.06 0.11 -1.75
12.06 0.10 -1.75
12.07 0.09 -1.75
12.07 0.08 -1.75
12.08 0.07 -1.75
12.08 0.06 -1.76
12.09 0.06 -1.76
12.09 0.05 -1.76
12.10 0.04 -1.76
12.10 0.03 -1.76
12.11 0.02 -1.76
12.11 0.01 -1.76
12.12 0.00 -1.76
12.12 -0.01 -1.76
12.13 -0.01 -1.76
12.13 -0.02 -1.76
12.14 -0.03 -1.76
12.14 -0.04 -1.76
12.15 -0.05 -1.76
12.15 -0.06 -1.77
12.16 -0.07 -1.77
12.16 -0.08 -1.77
12.17 -0.09 -1.77
12.17 -0.09 -1.77
12.18 -0.10 -1.77
12.18 -0.11 -1.77
12.19 -0.12 -1.77
12.19 -0.13 -1.77
12.20 -0.14 -1.77
12.20 -0.15 -1.77
12.21 -0.16 -1.77
12.21 -0.16 -1.77
12.22 -0.17 -1.77
12.22 -0.18 -1.77
12.23 -0.19 -1.78
12.23 -0.20 -1.78
12.24 -0.21 -1.78
12.24 -0.22 -1.78
12.25 -0.23 -1.78
12.25 -0.24 -1.78
12.26 -0.24 -1.78
12.26 -0.25 -1.78
12.27 -0.26 -1.78
12.27 -0.27 -1.78
12.28 -0.28 -1.78
12.28 -0.29 -1.78
12.29 -0.30 -1.78
12.29 -0.31 -1.78
12.30 -0.32 -1.78
12.30 -0.32 -1.78
12.31 -0.33 -1.79
12.31 -0.34 -1.79
12.32 -0.35 -1.79
12.32 -0.36 -1.79
12.33 -0.37 -1.79
12.33 -0.38 -1.79
12.34 -0.39 -1.79
12.34 -0.40 -1.79
12.35 -0.41 -1.79
12.35 -0.41 -1.79
12.36 -0.42 -1.79
12.36 -0.43 -1.79
12.37 -0.44 -1.79
12.37 -0.45 -1.79
12.38 -0.46 -1.79
12.38 -0.47 -1.79
12.39 -0.48 -1.80
12.39 -0.49 -1.80
12.40 -0.50 -1.80
12.40 -0.50 -1.80
12.41 -0.51 -1.80
12.41 -0.52 -1.80
12.42 -0.53 -1.80
12.42 -0.54 -1.80
12.43 -0.55 -1.80
12.43 -0.56 -1.80
12.44 -0.57 -1.80
12.44 -0.58 -1.80
12.45 -0.59 -1.80
12.45 -0.59 -1.80
12.46 -0.60 -1.80
12.46 -0.61 -1.80
12.47 -0.62 -1.80
12.47 -0.63 -1.81
12.48 -0.64 -1.81
12.48 -0.65 -1.81
12.49 -0.66 -1.81
12.49 -0.67 -1.81
12.50 -0.68 -1.81
12.50 -0.68 -1.81
12.51 -0.69 -1.81
12.51 -0.70 -1.81
12.52 -0.71 -1.81
12.52 -0.72 -1.81
12.53 -0.73 -1.81
12.53 -0.74 -1.81
12.54 -0.75 -1.81
12.54 -0.76 -1.81
12.55 -0.77 -1.81
12.55 -0.77 -1.81
12.56 -0.78 -1.81
12.56 -0.79 -1.82
12.57 -0.80 -1.81
12.57 -0.81 -1.81
12.58 -0.82 -1.81
12.58 -0.83 -1.81
12.59 -0.84 -1.80
12.59 -0.85 -1.80
12.60 -0.86 -1.80
12.60 -0.87 -1.79
12.61 -0.87 -1.79
12.61 -0.88 -1.78
12.62 -0.89 -1.78
12.62 -0.90 -1.77
12.63 -0.91 -1.77
12.63 -0.92 -1.77
12.64 -0.93 -1.76
12.64 -0.94 -1.76
12.65 -0.94 -1.75
12.65 -0.95 -1.75
12.66 -0.96 -1.74
12.66 -0.97 -1.74
12.67 -0.98 -1.74
12.67 -0.99 -1.73
12.68 -1.00 -1.73
12.68 -1.01 1.72
12.69 -1.00 1.72
12.69 -0.99 1.71
12.70 -0.98 1.71
12.70 -0.97 1.71
12.71 -0.96 1.70
12.71 -0.95 1.70
12.72 -0.95 1.69
12.72 -0.94 1.69
12.73 -0.93 1.68
12.73 -0.92 1.68
12.74 -0.91 1.68
12.74 -0.90 1.67
12.75 -0.90 1.67
12.75 -0.89 1.66
12.76 -0.88 1.67
12.76 -0.87 1.67
12.77 -0.86 1.67
12.77 -0.85 1.67
12.78 -0.85 1.67
12.78 -0.84 1.67
12.79 -0.83 1.67
12.79 -0.82 1.67
12.80 -0.81 1.67
12.80 -0.80 1.67
12.81 -0.80 1.67
12.81 -0.79 1.68
12.82 -0.78 1.68
12.82 -0.77 1.68
12.83 -0.76 1.68
12.83 -0.75 1.68
12.84 -0.75 1.68
12.84 -0.74 1.68
12.85 -0.73 1.68
12.85 -0.72 1.68
12.86 -0.71 1.68
12.86 -0.70 1.68
12.87 -0.69 1.68
12.87 -0.69 1.69
12.88 -0.68 1.69
12.88 -0.67 1.69
12.89 -0.66 1.69
12.89 -0.65 1.69
12.90 -0.64 1.69
12.90 -0.64 1.69
12.91 -0.63 1.69
12.91 -0.62 1.69
12.92 -0.61 1.69
12.92 -0.60 1.69
12.93 -0.59 1.69
12.93 -0.58 1.70
12.94 -0.58 1.70
12.94 -0.57 1.70
12.95 -0.56 1.70
12.95 -0.55 1.70
12.96 -0.54 1.70
12.96 -0.53 1.70
12.97 -0.53 1.70
12.97 -0.52 1.70
12.98 -0.51 1.70
12.98 -0.50 1.70
12.99 -0.49 1.70
12.99 -0.48 1.71
13.00 -0.47 1.71
13.00 -0.47 1.71
13.01 -0.46 1.71
13.01 -0.45 1.71
13.02 -0.44 1.71
13.02 -0.43 1.71
13.03 -0.42 1.71
13.03 -0.41 1.71
13.04 -0.41 1.71
13.04 -0.40 1.71
13.05 -0.39 1.71
13.05 -0.38 1.72
13.06 -0.37 1.72
13.06 -0.36 1.72
13.07 -0.35 1.72
13.07 -0.35 1.72
13.08 -0.34 1.72
13.08 -0.33 1.72
13.09 -0.32 1.72
13.09 -0.31 1.72
13.10 -0.30 1.72
13.10 -0.29 1.72
13.11 -0.29 1.72
13.11 -0.28 1.72
13.12 -0.27 1.73
13.12 -0.26 1.73
13.13 -0.25 1.73
13.13 -0.24 1.73
13.14 -0.23 1.73
13.14 -0.22 1.73
13.15 -0.22 1.73
13.15 -0.21 1.73
13.16 -0.20 1.73
13.16 -0.19 1.73
13.17 -0.18 1.73
13.17 -0.17 1.73
13.18 -0.16 1.73
13.18 -0.16 1.74
13.19 -0.15 1.74
13.19 -0.14 1.74
13.20 -0.13 1.74
13.20 -0.12 1.74
13.21 -0.11 1.74
13.21 -0.10 1.74
13.22 -0.09 1.74
13.22 -0.09 1.74
13.23 -0.08 1.74
13.23 -0.07 1.74
13.24 -0.06 1.74
13.24 -0.05 1.74
13.25 -0.04 1.74
13.25 -0.03 1.75
13.26 -0.03 1.75
13.26 -0.02 1.75
13.27 -0.01 1.75
13.27 0.00 1.75
13.28 0.01 1.75
13.28 0.02 1.75
13.29 0.03 1.75
13.29 0.04 1.75
13.30 0.04 1.75
13.30 0.05 1.75
13.31 0.06 1.75
13.31 0.07 1.75
13.32 0.08 1.75
13.32 0.09 1.76
13.33 0.10 1.76
13.33 0.11 1.76
13.34 0.12 1.76
13.34 0.12 1.76
13.35 0.13 1.76
13.35 0.14 1.76
13.36 0.15 1.76
13.36 0.16 1.76
13.37 0.17 1.76
13.37 0.18 1.76
13.38 0.19 1.76
13.38 0.19 1.76
13.39 0.20 1.76
13.39 0.21 1.77
13.40 0.22 1.77
13.40 0.23 1.77
13.41 0.24 1.77
13.41 0.25 1.77
13.42 0.26 1.77
13.42 0.27 1.77
13.43 0.27 1.77
13.43 0.28 1.77
13.44 0.29 1.77
13.44 0.30 1.77
13.45 0.31 1.77
13.45 0.32 1.77
13.46 0.33 1.77
13.46 0.34 1.77
13.47 0.34 1.78
13.47 0.35 1.78
13.48 0.36 1.78
13.48 0.37 1.78
13.49 0.38 1.78
13.49 0.39 1.78
13.50 0.40 1.78
13.50 0.41 1.78
13.51 0.42 1.78
13.51 0.42 1.78
13.52 0.43 1.78
13.52 0.44 1.78
13.53 0.45 1.78
13.53 0.46 1.78
13.54 0.47 1.78
13.54 0.48 1.78
13.55 0.49 1.79
13.55 0.50 1.79
13.56 0.51 1.79
13.56 0.51 1.79
13.57 0.52 1.79
13.57 0.53 1.79
13.58 0.54 1.79
13.58 0.55 1.78
13.59 0.56 1.78
13.59 0.57 1.78
13.60 0.58 1.78
13.60 0.59 1.78
13.61 0.59 1.78
13.61 0.60 1.78
13.62 0.61 1.78
13.62 0.62 1.78
13.63 0.63 1.78
13.63 0.64 1.78
13.64 0.65 1.78
13.64 0.66 1.78
13.65 0.67 1.78
13.65 0.67 1.78
13.66 0.68 1.78
13.66 0.69 1.77
13.67 0.70 1.77
13.67 0.71 1.77
13.68 0.72 1.77
13.68 0.73 1.77
13.69 0.74 1.77
13.69 0.75 1.77
13.70 0.75 1.77
13.70 0.76 1.77
13.71 0.77 1.77
13.71 0.78 1.77
13.72 0.79 1.77
13.72 0.80 1.77
13.73 0.81 1.77
13.73 0.82 1.77
13.74 0.82 1.76
13.74 0.83 1.76
13.75 0.84 1.76
13.75 0.85 1.76
13.76 0.86 1.76
13.76 0.87 1.76
13.77 0.88 1.76
13.77 0.89 1.76
13.78 0.90 1.76
13.78 0.90 1.76
13.79 0.91 1.76
13.79 0.92 1.76
13.80 0.93 1.76
13.80 0.94 1.76
13.81 0.95 1.75
13.81 0.96 1.75
13.82 0.97 1.75
13.82 0.97 1.75
13.83 0.98 1.75
13.83 0.99 1.75
13.84 1.00 -1.75
13.84 0.99 -1.75
13.85 0.98 -1.75
13.85 0.97 -1.75
13.86 0.97 -1.75
13.86 0.96 -1.75
13.87 0.95 -1.75
13.87 0.94 -1.76
13.88 0.93 -1.76
13.88 0.92 -1.76
13.89 0.91 -1.76
13.89 0.90 -1.76
13.90 0.90 -1.76
13.90 0.89 -1.76
13.91 0.88 -1.76
13.91 0.87 -1.76
13.92 0.86 -1.76
13.92 0.85 -1.76
13.93 0.84 -1.76
13.93 0.83 -1.76
13.94 0.82 -1.76
13.94 0.82 -1.77
13.95 0.81 -1.77
13.95 0.80 -1.77
13.96 0.79 -1.77
13.96 0.78 -1.77
13.97 0.77 -1.77
13.97 0.76 -1.77
13.98 0.75 -1.77
13.98 0.75 -1.77
13.99 0.74 -1.77
13.99 0.73 -1.77
14.00 0.72 -1.77
14.00 0.71 -1.77
14.01 0.70 -1.77
14.01 0.69 -1.77
14.02 0.68 -1.78
14.02 0.67 -1.78
14.03 0.67 -1.78
14.03 0.66 -1.78
14.04 0.65 -1.78
14.04 0.64 -1.78
14.05 0.63 -1.78
14.05 0.62 -1.78
14.06 0.61 -1.78
14.06 0.60 -1.78
14.07 0.59 -1.78
14.07 0.59 -1.78
14.08 0.58 -1.78
14.08 0.57 -1.78
14.09 0.56 -1.78
14.09 0.55 -1.78
14.10 0.54 -1.79
14.10 0.53 -1.79
14.11 0.52 -1.79
14.11 0.51 -1.79
14.12 0.50 -1.79
14.12 0.50 -1.79
14.13 0.49 -1.79
14.13 0.48 -1.79
14.14 0.47 -1.79
14.14 0.46 -1.79
14.15 0.45 -1.79
14.15 0.44 -1.79
14.16 0.43 -1.79
14.16 0.42 -1.79
14.17 0.42 -1.79
14.17 0.41 -1.79
14.18 0.40 -1.79
14.18 0.39 -1.80
14.19 0.38 -1.80
14.19 0.37 -1.80
14.20 0.36 -1.80
14.20 0.35 -1.80
14.21 0.34 -1.80
14.21 0.33 -1.80
14.22 0.33 -1.80
14.22 0.32 -1.80
14.23 0.31 -1.80
14.23 0.30 -1.80
14.24 0.29 -1.80
14.24 0.28 -1.80
14.25 0.27 -1.80
14.25 0.26 -1.80
14.26 0.25 -1.80
14.26 0.24 -1.80
14.27 0.24 -1.81
14.27 0.23 -1.81
14.28 0.22 -1.81
14.28 0.21 -1.81
14.29 0.20 -1.81
14.29 0.19 -1.81
14.30 0.18 -1.81
14.30 0.17 -1.81
14.31 0.16 -1.81
14.31 0.15 -1.81
14.32 0.14 -1.81
14.32 0.14 -1.81
14.33 0.13 -1.81
14.33 0.12 -1.81
14.34 0.11 -1.81
14.34 0.10 -1.81
14.35 0.09 -1.81
14.35 0.08 -1.82
14.36 0.07 -1.82
14.36 0.06 -1.82
14.37 0.05 -1.82
14.37 0.05 -1.82
14.38 0.04 -1.82
14.38 0.03 -1.82
14.39 0.02 -1.82
14.39 0.01 -1.82
14.40 -0.00 -1.82
14.40 -0.01 -1.82
14.41 -0.02 -1.82
14.41 -0.03 -1.82
14.42 -0.04 -1.82
14.42 -0.05 -1.82
14.43 -0.05 -1.82
14.43 -0.06 -1.82
14.44 -0.07 -1.82
14.44 -0.08 -1.82
14.45 -0.09 -1.83
14.45 -0.10 -1.83
14.46 -0.11 -1.83
14.46 -0.12 -1.83
14.47 -0.13 -1.83
14.47 -0.14 -1.83
14.48 -0.15 -1.83
14.48 -0.16 -1.83
14.49 -0.16 -1.83
14.49 -0.17 -1.83
14.50 -0.18 -1.83
14.50 -0.19 -1.83
14.51 -0.20 -1.83
14.51 -0.21 -1.83
14.52 -0.22 -1.83
14.52 -0.23 -1.83
14.53 -0.24 -1.83
14.53 -0.25 -1.83
14.54 -0.26 -1.83
14.54 -0.27 -1.83
14.55 -0.27 -1.84
14.55 -0.28 -1.84
14.56 -0.29 -1.84
14.56 -0.30 -1.84
14.57 -0.31 -1.84
14.57 -0.32 -1.84
14.58 -0.33 -1.84
14.58 -0.34 -1.84
14.59 -0.35 -1.84
14.59 -0.36 -1.84
14.60 -0.37 -1.84
14.60 -0.38 -1.84
14.61 -0.38 -1.84
14.61 -0.39 -1.84
14.62 -0.40 -1.84
14.62 -0.41 -1.84
14.63 -0.42 -1.84
14.63 -0.43 -1.84
14.64 -0.44 -1.84
14.64 -0.45 -1.84
14.65 -0.46 -1.85
14.65 -0.47 -1.85
14.66 -0.48 -1.85
14.66 -0.49 -1.85
14.67 -0.50 -1.85
14.67 -0.50 -1.85
14.68 -0.51 -1.85
14.68 -0.52 -1.85
14.69 -0.53 -1.85
14.69 -0.54 -1.85
14.70 -0.55 -1.85
14.70 -0.56 -1.85
14.71 -0.57 -1.85
14.71 -0.58 -1.85
14.72 -0.59 -1.85
14.72 -0.60 -1.85
14.73 -0.61 -1.85
14.73 -0.62 -1.85
14.74 -0.63 -1.85
14.74 -0.63 -1.85
14.75 -0.64 -1.85
14.75 -0.65 -1.85
14.76 -0.66 -1.86
14.76 -0.67 -1.86
14.77 -0.68 -1.86
14.77 -0.69 -1.86
14.78 -0.70 -1.86
14.78 -0.71 -1.86
14.79 -0.72 -1.86
14.79 -0.73 -1.86
14.80 -0.74 -1.86
14.80 -0.75 -1.86
14.81 -0.76 -1.85
14.81 -0.76 -1.85
14.82 -0.77 -1.85
14.82 -0.78 -1.85
14.83 -0.79 -1.85
14.83 -0.80 -1.85
14.84 -0.81 -1.85
14.84 -0.82 -1.84
14.85 -0.83 -1.84
14.85 -0.84 -1.83
14.86 -0.85 -1.83
14.86 -0.86 -1.83
14.87 -0.87 -1.82
14.87 -0.87 -1.82
14.88 -0.88 -1.81
14.88 -0.89 -1.81
14.89 -0.90 -1.81
14.89 -0.91 -1.81
14.90 -0.92 -1.81
14.90 -0.93 -1.81
14.91 -0.94 -1.80
14.91 -0.95 -1.80
14.92 -0.96 -1.80
14.92 -0.96 -1.80
14.93 -0.97 -1.80
14.93 -0.98 -1.80
14.94 -0.99 -1.80
14.94 -1.00 1.80
14.95 -0.99 1.80
14.95 -0.98 1.80
14.96 -0.97 1.80
14.96 -0.96 1.80
14.97 -0.96 1.80
14.97 -0.95 1.80
14.98 -0.94 1.80
14.98 -0.93 1.81
14.99 -0.92 1.81
14.99 -0.91 1.81
15.00 -0.90 1.81
15.00 -0.89 1.81
15.01 -0.88 1.81
15.01 -0.87 1.81
15.02 -0.87 1.81
15.02 -0.86 1.81
15.03 -0.85 1.81
15.03 -0.84 1.81
15.04 -0.83 1.81
15.04 -0.82 1.81
15.05 -0.81 1.81
15.05 -0.80 1.81
15.06 -0.79 1.81
15.06 -0.78 1.81
15.07 -0.77 1.81
15.07 -0.77 1.82
15.08 -0.76 1.82
15.08 -0.75 1.82
15.09 -0.74 1.82
15.09 -0.73 1.82
15.10 -0.72 1.82
15.10 -0.71 1.82
15.11 -0.70 1.82
15.11 -0.69 1.82
15.12 -0.68 1.82
15.12 -0.67 1.82
15.13 -0.67 1.82
15.13 -0.66 1.82
15.14 -0.65 1.82
15.14 -0.64 1.82
15.15 -0.63 1.82
15.15 -0.62 1.82
15.16 -0.61 1.82
15.16 -0.60 1.83
15.17 -0.59 1.83
15.17 -0.58 1.83
15.18 -0.57 1.83
15.18 -0.57 1.83
15.19 -0.56 1.83
15.19 -0.55 1.83
15.20 -0.54 1.83
15.20 -0.53 1.83
15.21 -0.52 1.83
15.21 -0.51 1.83
15.22 -0.50 1.83
15.22 -0.49 1.83
15.23 -0.48 1.83
15.23 -0.47 1.83
15.24 -0.46 1.83
15.24 -0.46 1.83
15.25 -0.45 1.83
15.25 -0.44 1.83
15.26 -0.43 1.83
15.26 -0.42 1.84
15.27 -0.41 1.84
15.27 -0.40 1.84
15.28 -0.39 1.84
15.28 -0.38 1.84
15.29 -0.37 1.84
15.29 -0.36 1.84
15.30 -0.35 1.84
15.30 -0.35 1.84
15.31 -0.34 1.84
15.31 -0.33 1.84
15.32 -0.32 1.84
15.32 -0.31 1.84
15.33 -0.30 1.84
15.33 -0.29 1.84
15.34 -0.28 1.84
15.34 -0.27 1.84
15.35 -0.26 1.84
15.35 -0.25 1.84
15.36 -0.24 1.84
15.36 -0.23 1.85
15.37 -0.23 1.85
15.37 -0.22 1.85
15.38 -0.21 1.85
15.38 -0.20 1.85
15.39 -0.19 1.85
15.39 -0.18 1.85
15.40 -0.17 1.85
15.40 -0.16 1.85
15.41 -0.15 1.85
15.41 -0.14 1.85
15.42 -0.13 1.85
15.42 -0.12 1.85
15.43 -0.11 1.85
15.43 -0.11 1.85
15.44 -0.10 1.85
15.44 -0.09 1.85
15.45 -0.08 1.85
15.45 -0.07 1.85
15.46 -0.06 1.85
15.46 -0.05 1.85
15.47 -0.04 1.85
15.47 -0.03 1.86
15.48 -0.02 1.86
15.48 -0.01 1.86
15.49 -0.00 1.86
15.49 0.01 1.86
15.50 0.02 1.86
15.50 0.02 1.86
15.51 0.03 1.86
15.51 0.04 1.86
15.52 0.05 1.86
15.52 0.06 1.86
15.53 0.07 1.86
15.53 0.08 1.86
15.54 0.09 1.86
15.54 0.10 1.86
15.55 0.11 1.86
15.55 0.12 1.86
15.56 0.13 1.86
15.56 0.14 1.86
15.57 0.15 1.86
15.57 0.15 1.86
15.58 0.16 1.86
15.58 0.17 1.86
15.59 0.18 1.87
15.59 0.19 1.87
15.60 0.20 1.87
15.60 0.21 1.87
15.61 0.22 1.87
15.61 0.23 1.87
15.62 0.24 1.87
15.62 0.25 1.87
15.63 0.26 1.87
15.63 0.27 1.87
15.64 0.28 1.87
15.64 0.29 1.87
15.65 0.29 1.87
15.65 0.30 1.87
15.66 0.31 1.87
15.66 0.32 1.87
15.67 0.33 1.87
15.67 0.34 1.87
15.68 0.35 1.87
15.68 0.36 1.87
15.69 0.37 1.87
15.69 0.38 1.87
15.70 0.39 1.87
15.70 0.40 1.87
15.71 0.41 1.88
15.71 0.42 1.88
15.72 0.43 1.88
15.72 0.44 1.88
15.73 0.44 1.88
15.73 0.45 1.88
15.74 0.46 1.88
15.74 0.47 1.88
15.75 0.48 1.88
15.75 0.49 1.88
15.76 0.50 1.88
15.76 0.51 1.88
15.77 0.52 1.88
15.77 0.53 1.88
15.78 0.54 1.88
15.78 0.55 1.88
15.79 0.56 1.88
15.79 0.57 1.88
15.80 0.58 1.88
15.80 0.59 1.88
15.81 0.60 1.88
15.81 0.60 1.88
15.82 0.61 1.88
15.82 0.62 1.88
15.83 0.63 1.88
15.83 0.64 1.89
15.84 0.65 1.89
15.84 0.66 1.89
15.85 0.67 1.89
15.85 0.68 1.89
15.86 0.69 1.89
15.86 0.70 1.89
15.87 0.71 1.89
15.87 0.72 1.89
15.88 0.73 1.89
15.88 0.74 1.89
15.89 0.75 1.89
15.89 0.76 1.89
15.90 0.76 1.89
15.90 0.77 1.89
15.91 0.78 1.89
15.91 0.79 1.89
15.92 0.80 1.89
15.92 0.81 1.89
15.93 0.82 1.89
15.93 0.83 1.89
15.94 0.84 1.89
15.94 0.85 1.89
15.95 0.86 1.89
15.95 0.87 1.89
15.96 0.88 1.89
15.96 0.89 1.89
15.97 0.90 1.89
15.97 0.91 1.90
15.98 0.92 1.90
15.98 0.93 1.90
15.99 0.94 1.90
15.99 0.94 1.90
16.00 0.95 1.90
16.00 0.96 1.90
16.01 0.97 1.90
16.01 0.98 1.90
16.02 0.99 1.90
16.02 1.00 -1.90
16.03 0.99 -1.90
16.03 0.98 -1.90
16.04 0.97 -1.90
16.04 0.96 -1.90
16.05 0.95 -1.90
16.05 0.94 -1.90
16.06 0.94 -1.90
16.06 0.93 -1.90
16.07 0.92 -1.90
16.07 0.91 -1.90
16.08 0.90 -1.89
16.08 0.89 -1.89
16.09 0.88 -1.89
16.09 0.87 -1.89
16.10 0.86 -1.89
16.10 0.85 -1.89
16.11 0.84 -1.89
16.11 0.83 -1.89
16.12 0.82 -1.89
16.12 0.81 -1.89
16.13 0.80 -1.89
16.13 0.79 -1.89
16.14 0.78 -1.89
16.14 0.77 -1.88
16.15 0.76 -1.88
16.15 0.76 -1.87
16.16 0.75 -1.87
16.16 0.74 -1.86
16.17 0.73 -1.86
16.17 0.72 -1.85
16.18 0.71 -1.85
16.18 0.70 -1.85
16.19 0.69 -1.84
16.19 0.68 -1.84
16.20 0.67 -1.83
16.20 0.66 -1.83
16.21 0.65 -1.82
16.21 0.65 -1.82
16.22 0.64 -1.81
16.22 0.63 -1.81
16.23 0.62 -1.80
16.23 0.61 -1.80
16.24 0.60 -1.80
16.24 0.59 -1.79
16.25 0.58 -1.79
16.25 0.57 -1.78
16.26 0.56 -1.78
16.26 0.56 -1.77
16.27 0.55 -1.77
16.27 0.54 -1.77
16.28 0.53 -1.76
16.28 0.52 -1.76
16.29 0.51 -1.75
16.29 0.50 -1.75
16.30 0.49 -1.74
16.30 0.49 -1.74
16.31 0.48 -1.74
16.31 0.47 -1.73
16.32 0.46 -1.73
16.32 0.45 -1.72
16.33 0.44 -1.72
16.33 0.43 -1.71
16.34 0.42 -1.71
16.34 0.42 -1.71
16.35 0.41 -1.70
16.35 0.40 -1.70
16.36 0.39 -1.69
16.36 0.38 -1.69
16.37 0.37 -1.68
16.37 0.37 -1.68
16.38 0.36 -1.68
16.38 0.35 -1.67
16.39 0.34 -1.67
16.39 0.33 -1.66
16.40 0.32 -1.66
16.40 0.32 -1.66
16.41 0.31 -1.65
16.41 0.30 -1.65
16.42 0.29 -1.64
16.42 0.28 -1.64
16.43 0.27 -1.64
16.43 0.27 -1.63
16.44 0.26 -1.63
16.44 0.25 -1.62
16.45 0.24 -1.62
16.45 0.23 -1.62
16.46 0.23 -1.61
16.46 0.22 -1.61
16.47 0.21 -1.60
16.47 0.20 -1.60
16.48 0.19 -1.60
16.48 0.19 -1.59
16.49 0.18 -1.59
16.49 0.17 -1.58
16.50 0.16 -1.58
16.50 0.15 -1.58
16.51 0.15 -1.57
16.51 0.14 -1.57
16.52 0.13 -1.57
16.52 0.12 -1.56
16.53 0.12 -1.56
16.53 0.11 -1.55
16.54 0.10 -1.55
16.54 0.09 -1.55
16.55 0.08 -1.54
16.55 0.08 -1.54
16.56 0.07 -1.53
16.56 0.06 -1.53
16.57 0.05 -1.53
16.57 0.05 -1.52
16.58 0.04 -1.52
16.58 0.03 -1.52
16.59 0.02 -1.51
16.59 0.02 -1.51
16.60 0.01 -1.50
16.60 0.00 -1.50
16.61 -0.01 -1.50
16.61 -0.01 -1.49
16.62 -0.02 -1.49
16.62 -0.03 -1.49
16.63 -0.04 -1.48
16.63 -0.04 -1.48
16.64 -0.05 -1.48
16.64 -0.06 -1.47
16.65 -0.07 -1.47
16.65 -0.07 -1.46
16.66 -0.08 -1.46
16.66 -0.09 -1.46
16.67 -0.10 -1.45
16.67 -0.10 -1.45
16.68 -0.11 -1.45
16.68 -0.12 -1.44
16.69 -0.12 -1.44
16.69 -0.13 -1.44
16.70 -0.14 -1.43
16.70 -0.15 -1.43
16.71 -0.15 -1.43
16.71 -0.16 -1.42
16.72 -0.17 -1.42
16.72 -0.17 -1.42
16.73 -0.18 -1.41
16.73 -0.19 -1.41
16.74 -0.20 -1.40
16.74 -0.20 -1.40
16.75 -0.21 -1.40
16.75 -0.22 -1.39
16.76 -0.22 -1.39
16.76 -0.23 -1.39
16.77 -0.24 -1.38
16.77 -0.24 -1.38
16.78 -0.25 -1.38
16.78 -0.26 -1.37
16.79 -0.26 -1.37
16.79 -0.27 -1.37
16.80 -0.28 -1.36
16.80 -0.29 -1.36
16.81 -0.29 -1.36
16.81 -0.30 -1.35
16.82 -0.31 -1.35
16.82 -0.31 -1.35
16.83 -0.32 -1.34
16.83 -0.33 -1.34
16.84 -0.33 -1.34
16.84 -0.34 -1.33
16.85 -0.35 -1.33
16.85 -0.35 -1.33
16.86 -0.36 -1.32
16.86 -0.37 -1.32
16.87 -0.37 -1.32
16.87 -0.38 -1.31
16.88 -0.39 -1.31
16.88 -0.39 -1.31
16.89 -0.40 -1.31
16.89 -0.40 -1.30
16.90 -0.41 -1.30
16.90 -0.42 -1.30
16.91 -0.42 -1.29
16.91 -0.43 -1.29
16.92 -0.44 -1.29
16.92 -0.44 -1.28
16.93 -0.45 -1.28
16.93 -0.46 -1.28
16.94 -0.46 -1.27
16.94 -0.47 -1.27
16.95 -0.48 -1.27
16.95 -0.48 -1.26
16.96 -0.49 -1.26
16.96 -0.49 -1.26
16.97 -0.50 -1.25
16.97 -0.51 -1.25
16.98 -0.51 -1.25
16.98 -0.52 -1.25
16.99 -0.53 -1.24
16.99 -0.53 -1.24
17.00 -0.54 -1.24
17.00 -0.54 -1.23
17.01 -0.55 -1.23
17.01 -0.56 -1.23
17.02 -0.56 -1.22
17.02 -0.57 -1.22
17.03 -0.57 -1.22
17.03 -0.58 -1.22
17.04 -0.59 -1.21
17.04 -0.59 -1.21
17.05 -0.60 -1.21
17.05 -0.60 -1.20
17.06 -0.61 -1.20
17.06 -0.62 -1.20
17.07 -0.62 -1.19
17.07 -0.63 -1.19
17.08 -0.63 -1.19
17.08 -0.64 -1.19
17.09 -0.65 -1.18
17.09 -0.65 -1.18
17.10 -0.66 -1.18
17.10 -0.66 -1.17
17.11 -0.67 -1.17
17.11 -0.68 -1.17
17.12 -0.68 -1.17
17.12 -0.69 -1.16
17.13 -0.69 -1.16
17.13 -0.70 -1.16
17.14 -0.70 -1.15
17.14 -0.71 -1.15
17.15 -0.72 -1.15
17.15 -0.72 -1.15
17.16 -0.73 -1.14
17.16 -0.73 -1.14
17.17 -0.74 -1.14
17.17 -0.74 -1.13
17.18 -0.75 -1.13
17.18 -0.76 -1.13
17.19 -0.76 -1.13
17.19 -0.77 -1.12
17.20 -0.77 -1.12
17.20 -0.78 -1.12
17.21 -0.78 -1.12
17.21 -0.79 -1.11
17.22 -0.80 -1.11
17.22 -0.80 -1.11
17.23 -0.81 -1.10
17.23 -0.81 -1.10
17.24 -0.82 -1.10
17.24 -0.82 -1.10
17.25 -0.83 -1.09
17.25 -0.83 -1.09
17.26 -0.84 -1.09
17.26 -0.84 -1.09
17.27 -0.85 -1.08
17.27 -0.86 -1.08
17.28 -0.86 -1.08
17.28 -0.87 -1.07
17.29 -0.87 -1.07
17.29 -0.88 -1.07
17.30 -0.88 -1.07
17.30 -0.89 -1.06
17.31 -0.89 -1.06
17.31 -0.90 -1.06
17.32 -0.90 -1.06
17.32 -0.91 -1.05
17.33 -0.91 -1.05
17.33 -0.92 -1.05
17.34 -0.92 -1.05
17.34 -0.93 -1.04
17.35 -0.93 -1.04
17.35 -0.94 -1.04
17.36 -0.95 -1.04
17.36 -0.95 -1.03
17.37 -0.96 -1.03
17.37 -0.96 -1.03
17.38 -0.97 -1.03
17.38 -0.97 -1.02
17.39 -0.98 -1.02
17.39 -0.98 -1.02
17.40 -0.99 -1.02
17.40 -0.99 -1.01
17.41 -1.00 -1.01
17.41 -1.00 1.01
17.42 -1.00 1.01
17.42 -0.99 1.00
17.43 -0.99 1.00
17.43 -0.98 1.00
17.44 -0.98 1.00
17.44 -0.97 0.99
17.45 -0.97 0.99
17.45 -0.96 0.99
17.46 -0.96 0.99
17.46 -0.95 0.98
17.47 -0.95 0.98
17.47 -0.94 0.98
17.48 -0.94 0.98
17.48 -0.93 0.97
17.49 -0.93 0.97
17.49 -0.92 0.97
17.50 -0.92 0.97
17.50 -0.91 0.96
17.51 -0.91 0.96
17.51 -0.90 0.96
17.52 -0.90 0.96
17.52 -0.89 0.96
17.53 -0.89 0.95
17.53 -0.88 0.95
17.54 -0.88 0.95
17.54 -0.87 0.95
17.55 -0.87 0.94
17.55 -0.87 0.94
17.56 -0.86 0.94
17.56 -0.86 0.94
17.57 -0.85 0.93
17.57 -0.85 0.93
17.58 -0.84 0.93
17.58 -0.84 0.93
17.59 -0.83 0.93
17.59 -0.83 0.92
17.60 -0.82 0.92
17.60 -0.82 0.92
17.61 -0.81 0.92
17.61 -0.81 0.91
17.62 -0.81 0.91
17.62 -0.80 0.91
17.63 -0.80 0.91
17.63 -0.79 0.91
17.64 -0.79 0.90
17.64 -0.78 0.90
17.65 -0.78 0.90
17.65 -0.77 0.90
17.66 -0.77 0.89
17.66 -0.76 0.89
17.67 -0.76 0.89
17.67 -0.76 0.89
17.68 -0.75 0.89
17.68 -0.75 0.88
17.69 -0.74 0.88
17.69 -0.74 0.88
17.70 -0.73 0.88
17.70 -0.73 0.87
17.71 -0.72 0.87
17.71 -0.72 0.87
17.72 -0.72 0.87
17.72 -0.71 0.87
17.73 -0.71 0.86
17.73 -0.70 0.86
17.74 -0.70 0.86
17.74 -0.69 0.86
17.75 -0.69 0.86
17.75 -0.69 0.85
17.76 -0.68 0.85
17.76 -0.68 0.85
17.77 -0.67 0.85
17.77 -0.67 0.85
17.78 -0.66 0.84
17.78 -0.66 0.84
17.79 -0.66 0.84
17.79 -0.65 0.84
17.80 -0.65 0.83
17.80 -0.64 0.83
17.81 -0.64 0.83
17.81 -0.64 0.83
17.82 -0.63 0.83
17.82 -0.63 0.82
17.83 -0.62 0.82
17.83 -0.62 0.82
17.84 -0.62 0.82
17.84 -0.61 0.82
17.85 -0.61 0.81
17.85 -0.60 0.81
17.86 -0.60 0.81
17.86 -0.59 0.81
17.87 -0.59 0.81
17.87 -0.59 0.80
17.88 -0.58 0.80
17.88 -0.58 0.80
17.89 -0.57 0.80
17.89 -0.57 0.80
17.90 -0.57 0.79
17.90 -0.56 0.79
17.90 -0.56 0.79
17.91 -0.55 0.79
17.91 -0.55 0.79
17.92 -0.55 0.79
17.92 -0.54 0.78
17.93 -0.54 0.78
17.93 -0.54 0.78
17.94 -0.53 0.78
17.94 -0.53 0.78
17.95 -0.52 0.77
17.95 -0.52 0.77
17.96 -0.52 0.77
17.96 -0.51 0.77
17.97 -0.51 0.77
17.97 -0.50 0.76
17.98 -0.50 0.76
17.98 -0.50 0.76
17.99 -0.49 0.76
17.99 -0.49 0.76
18.00 -0.49 0.75
18.00 -0.48 0.75
18.01 -0.48 0.75
18.01 -0.47 0.75
18.02 -0.47 0.75
18.02 -0.47 0.75
18.03 -0.46 0.74
18.03 -0.46 0.74
18.04 -0.46 0.74
18.04 -0.45 0.74
18.05 -0.45 0.74
18.05 -0.44 0.73
18.06 -0.44 0.73
18.06 -0.44 0.73
18.07 -0.43 0.73
18.07 -0.43 0.73
18.08 -0.43 0.73
18.08 -0.42 0.72
18.09 -0.42 0.72
18.09 -0.42 0.72
18.10 -0.41 0.72
18.10 -0.41 0.72
18.11 -0.40 0.72
18.11 -0.40 0.71
18.12 -0.40 0.71
18.12 -0.39 0.71
18.13 -0.39 0.71
18.13 -0.39 0.71
18.14 -0.38 0.70
18.14 -0.38 0.70
18.15 -0.38 0.70
18.15 -0.37 0.70
18.16 -0.37 0.70
18.16 -0.37 0.70
18.17 -0.36 0.69
18.17 -0.36 0.69
18.18 -0.36 0.69
18.18 -0.35 0.69
18.19 -0.35 0.69
18.19 -0.35 0.69
18.20 -0.34 0.68
18.20 -0.34 0.68
18.21 -0.34 0.68
18.21 -0.33 0.68
18.22 -0.33 0.68
18.22 -0.32 0.68
18.23 -0.32 0.67
18.23 -0.32 0.67
18.24 -0.31 0.67
18.24 -0.31 0.67
18.25 -0.31 0.67
18.25 -0.30 0.67
18.26 -0.30 0.66
18.26 -0.30 0.66
18.27 -0.29 0.66
18.27 -0.29 0.66
18.28 -0.29 0.66
18.28 -0.29 0.66
18.29 -0.28 0.65
18.29 -0.28 0.65
18.30 -0.28 0.65
18.30 -0.27 0.65
18.31 -0.27 0.65
18.31 -0.27 0.65
18.32 -0.26 0.65
18.32 -0.26 0.64
18.33 -0.26 0.64
18.33 -0.25 0.64
18.34 -0.25 0.64
18.34 -0.25 0.64
18.35 -0.24 0.64
18.35 -0.24 0.63
18.36 -0.24 0.63
18.36 -0.23 0.63
18.37 -0.23 0.63
18.37 -0.23 0.63
18.38 -0.22 0.63
18.38 -0.22 0.62
18.39 -0.22 0.62
18.39 -0.21 0.62
18.40 -0.21 0.62
18.40 -0.21 0.62
18.41 -0.21 0.62
18.41 -0.20 0.62
18.42 -0.20 0.61
18.42 -0.20 0.61
18.43 -0.19 0.61
18.43 -0.19 0.61
18.44 -0.19 0.61
18.44 -0.18 0.61
18.45 -0.18 0.61
18.45 -0.18 0.60
18.46 -0.18 0.60
18.46 -0.17 0.60
18.47 -0.17 0.60
18.47 -0.17 0.60
18.48 -0.16 0.60
18.48 -0.16 0.59
18.49 -0.16 0.59
18.49 -0.15 0.59
18.50 -0.15 0.59
18.50 -0.15 0.59
18.51 -0.15 0.59
18.51 -0.14 0.59
18.52 -0.14 0.58
18.52 -0.14 0.58
18.53 -0.13 0.58
18.53 -0.13 0.58
18.54 -0.13 0.58
18.54 -0.13 0.58
18.55 -0.12 0.58
18.55 -0.12 0.57
18.56 -0.12 0.57
18.56 -0.11 0.57
18.57 -0.11 0.57
18.57 -0.11 0.57
18.58 -0.11 0.57
18.58 -0.10 0.57
18.59 -0.10 0.56
18.59 -0.10 0.56
18.60 -0.09 0.56
18.60 -0.09 0.56
18.61 -0.09 0.56
18.61 -0.09 0.56
18.62 -0.08 0.56
18.62 -0.08 0.56
18.63 -0.08 0.55
18.63 -0.07 0.55
18.64 -0.07 0.55
18.64 -0.07 0.55
18.65 -0.07 0.55
18.65 -0.06 0.55
18.66 -0.06 0.55
18.66 -0.06 0.54
18.67 -0.06 0.54
18.67 -0.05 0.54
18.68 -0.05 0.54
18.68 -0.05 0.54
18.69 -0.04 0.54
18.69 -0.04 0.54
18.70 -0.04 0.54
18.70 -0.04 0.53
18.71 -0.03 0.53
18.71 -0.03 0.53
18.72 -0.03 0.53
18.72 -0.03 0.53
18.73 -0.02 0.53
18.73 -0.02 0.53
18.74 -0.02 0.52
18.74 -0.02 0.52
18.75 -0.01 0.52
18.75 -0.01 0.52
18.76 -0.01 0.52
18.76 -0.00 0.52
18.77 -0.00 0.52
18.77 0.00 0.52
18.78 0.00 0.51
18.78 0.01 0.51
18.79 0.01 0.51
18.79 0.01 0.51
18.80 0.01 0.51
18.80 0.02 0.51
18.81 0.02 0.51
18.81 0.02 0.51
18.82 0.02 0.50
18.82 0.03 0.50
18.83 0.03 0.50
18.83 0.03 0.50
18.84 0.03 0.50
18.84 0.04 0.50
18.85 0.04 0.50
18.85 0.04 0.50
18.86 0.04 0.49
18.86 0.05 0.49
18.87 0.05 0.49
18.87 0.05 0.49
18.88 0.05 0.49
18.88 0.06 0.49
18.89 0.06 0.49
18.89 0.06 0.49
18.90 0.06 0.49
18.90 0.07 0.48
18.91 0.07 0.48
18.91 0.07 0.48
18.92 0.07 0.48
18.92 0.07 0.48
18.93 0.08 0.48
18.93 0.08 0.48
18.94 0.08 0.48
18.94 0.08 0.47
18.95 0.09 0.47
18.95 0.09 0.47
18.96 0.09 0.47
18.96 0.09 0.47
18.97 0.10 0.47
18.97 0.10 0.47
18.98 0.10 0.47
18.98 0.10 0.47
18.99 0.11 0.46
18.99 0.11 0.46
19.00 0.11 0.46
19.00 0.11 0.46
19.01 0.11 0.46
19.01 0.12 0.46
19.02 0.12 0.46
19.02 0.12 0.46
19.03 0.12 0.46
19.03 0.13 0.45
19.04 0.13 0.45
19.04 0.13 0.45
19.05 0.13 0.45
19.05 0.14 0.45
19.06 0.14 0.45
19.06 0.14 0.45
19.07 0.14 0.45
19.07 0.14 0.45
19.08 0.15 0.44
19.08 0.15 0.44
19.09 0.15 0.44
19.09 0.15 0.44
19.10 0.16 0.44
19.10 0.16 0.44
19.11 0.16 0.44
19.11 0.16 0.44
19.12 0.16 0.44
19.12 0.17 0.43
19.13 0.17 0.43
19.13 0.17 0.43
19.14 0.17 0.43
19.14 0.17 0.43
19.15 0.18 0.43
19.15 0.18 0.43
19.16 0.18 0.43
19.16 0.18 0.43
19.17 0.19 0.42
19.17 0.19 0.42
19.18 0.19 0.42
19.18 0.19 0.42
19.19 0.19 0.42
19.19 0.20 0.42
19.20 0.20 0.42
19.20 0.20 0.42
19.21 0.20 0.42
19.21 0.20 0.42
19.22 0.21 0.41
19.22 0.21 0.41
19.23 0.21 0.41
19.23 0.21 0.41
19.24 0.21 0.41
19.24 0.22 0.41
19.25 0.22 0.41
19.25 0.22 0.41
19.26 0.22 0.41
19.26 0.22 0.41
19.27 0.23 0.40
19.27 0.23 0.40
19.28 0.23 0.40
19.28 0.23 0.40
19.29 0.23 0.40
19.29 0.24 0.40
19.30 0.24 0.40
19.30 0.24 0.40
19.31 0.24 0.40
19.31 0.24 0.40
19.32 0.25 0.39
19.32 0.25 0.39
19.33 0.25 0.39
19.33 0.25 0.39
19.34 0.25 0.39
19.34 0.26 0.39
19.35 0.26 0.39
19.35 0.26 0.39
19.36 0.26 0.39
19.36 0.26 0.39
19.37 0.27 0.39
19.37 0.27 0.38
19.38 0.27 0.38
19.38 0.27 0.38
19.39 0.27 0.38
19.39 0.28 0.38
19.40 0.28 0.38
19.40 0.28 0.38
19.41 0.28 0.38
19.41 0.28 0.38
19.42 0.29 0.38
19.42 0.29 0.37
19.43 0.29 0.37
19.43 0.29 0.37
19.44 0.29 0.37
19.44 0.29 0.37
19.45 0.30 0.37
19.45 0.30 0.37
19.46 0.30 0.37
19.46 0.30 0.37
19.47 0.30 0.37
19.47 0.31 0.37
19.48 0.31 0.36
19.48 0.31 0.36
19.49 0.31 0.36
19.49 0.31 0.36
19.50 0.31 0.36
19.50 0.32 0.36
19.51 0.32 0.36
19.51 0.32 0.36
19.52 0.32 0.36
19.52 0.32 0.36
19.53 0.33 0.36
19.53 0.33 0.36
19.54 0.33 0.35
19.54 0.33 0.35
19.55 0.33 0.35
19.55 0.33 0.35
19.56 0.34 0.35
19.56 0.34 0.35
19.57 0.34 0.35
19.57 0.34 0.35
19.58 0.34 0.35
19.58 0.34 0.35
19.59 0.35 0.35
19.59 0.35 0.34
19.60 0.35 0.34
19.60 0.35 0.34
19.61 0.35 0.34
19.61 0.36 0.34
19.62 0.36 0.34
19.62 0.36 0.34
19.63 0.36 0.34
19.63 0.36 0.34
19.64 0.36 0.34
19.64 0.37 0.34
19.65 0.37 0.34
19.65 0.37 0.33
19.66 0.37 0.33
19.66 0.37 0.33
19.67 0.37 0.33
19.67 0.38 0.33
19.68 0.38 0.33
19.68 0.38 0.33
19.69 0.38 0.33
19.69 0.38 0.33
19.70 0.38 0.33
19.70 0.39 0.33
19.71 0.39 0.33
19.71 0.39 0.33
19.72 0.39 0.32
19.72 0.39 0.32
19.73 0.39 0.32
19.73 0.39 0.32
19.74 0.40 0.32
19.74 0.40 0.32
19.75 0.40 0.32
19.75 0.40 0.32
19.76 0.40 0.32
19.76 0.40 0.32
19.77 0.41 0.32
19.77 0.41 0.32
19.78 0.41 0.31
19.78 0.41 0.31
19.79 0.41 0.31
19.79 0.41 0.31
19.80 0.42 0.31
19.80 0.42 0.31
19.81 0.42 0.31
19.81 0.42 0.31
19.82 0.42 0.31
19.82 0.42 0.31
19.83 0.42 0.31
19.83 0.43 0.31
19.84 0.43 0.31
19.84 0.43 0.31
19.85 0.43 0.30
19.85 0.43 0.30
19.86 0.43 0.30
19.86 0.44 0.30
19.87 0.44 0.30
19.87 0.44 0.30
19.88 0.44 0.30
19.88 0.44 0.30
19.89 0.44 0.30
19.89 0.44 0.30
19.90 0.45 0.30
19.90 0.45 0.30
19.91 0.45 0.30
19.91 0.45 0.29
19.92 0.45 0.29
19.92 0.45 0.29
19.93 0.45 0.29
19.93 0.46 0.29
19.94 0.46 0.29
19.94 0.46 0.29
19.95 0.46 0.29
19.95 0.46 0.29
19.96 0.46 0.29
19.96 0.46 0.29
19.97 0.47 0.29
19.97 0.47 0.29
19.98 0.47 0.29
19.98 0.47 0.28
19.99 0.47 0.28
19.99 0.47 0.28
20.00 0.47 0.28
20.00 0.48 0.28
20.01 0.48 0.28
20.01 0.48 0.28
20.02 0.48 0.28
20.02 0.48 0.28
20.03 0.48 0.28
20.03 0.48 0.28
20.04 0.49 0.28
20.04 0.49 0.28
20.05 0.49 0.28
20.05 0.49 0.28
20.06 0.49 0.27
20.06 0.49 0.27
20.07 0.49 0.27
20.07 0.50 0.27
20.08 0.50 0.27
20.08 0.50 0.27
20.09 0.50 0.27
20.09 0.50 0.27
20.10 0.50 0.27
20.10 0.50 0.27
20.11 0.50 0.27
20.11 0.51 0.27
20.12 0.51 0.27
20.12 0.51 0.27
20.13 0.51 0.27
20.13 0.51 0.26
20.14 0.51 0.26
20.14 0.51 0.26
20.15 0.52 0.26
20.15 0.52 0.26
20.16 0.52 0.26
20.16 0.52 0.26
20.17 0.52 0.26
20.17 0.52 0.26
20.18 0.52 0.26
20.18 0.52 0.26
20.19 0.53 0.26
20.19 0.53 0.26
20.20 0.53 0.26
20.20 0.53 0.26
20.21 0.53 0.25
20.21 0.53 0.25
20.22 0.53 0.25
20.22 0.53 0.25
20.23 0.54 0.25
20.23 0.54 0.25
20.24 0.54 0.25
20.24 0.54 0.25
20.25 0.54 0.25
20.25 0.54 0.25
20.26 0.54 0.25
20.26 0.54 0.25
20.27 0.55 0.25
20.27 0.55 0.25
20.28 0.55 0.25
20.28 0.55 0.25
20.29 0.55 0.25
20.29 0.55 0.24
20.30 0.55 0.24
20.30 0.55 0.24
20.31 0.56 0.24
20.31 0.56 0.24
20.32 0.56 0.24
20.32 0.56 0.24
20.33 0.56 0.24
20.33 0.56 0.24
20.34 0.56 0.24
20.34 0.56 0.24
20.35 0.57 0.24
20.35 0.57 0.24
20.36 0.57 0.24
20.36 0.57 0.24
20.37 0.57 0.24
20.37 0.57 0.24
20.38 0.57 0.23
20.38 0.57 0.23
20.39 0.57 0.23
20.39 0.58 0.23
20.40 0.58 0.23
20.40 0.58 0.23
20.41 0.58 0.23
20.41 0.58 0.23
20.42 0.58 0.23
20.42 0.58 0.23
20.43 0.58 0.23
20.43 0.59 0.23
20.44 0.59 0.23
20.44 0.59 0.23
20.45 0.59 0.23
20.45 0.59 0.23
20.46 0.59 0.23
20.46 0.59 0.22
20.47 0.59 0.22
20.47 0.59 0.22
20.48 0.60 0.22
20.48 0.60 0.22
20.49 0.60 0.22
20.49 0.60 0.22
20.50 0.60 0.22
20.50 0.60 0.22
20.51 0.60 0.22
20.51 0.60 0.22
20.52 0.60 0.22
20.52 0.61 0.22
20.53 0.61 0.22
20.53 0.61 0.22
20.54 0.61 0.22
20.54 0.61 0.22
20.55 0.61 0.22
20.55 0.61 0.22
20.56 0.61 0.21
20.56 0.61 0.21
20.57 0.62 0.21
20.57 0.62 0.21
20.58 0.62 0.21
20.58 0.62 0.21
20.59 0.62 0.21
20.59 0.62 0.21
20.60 0.62 0.21
20.60 0.62 0.21
20.61 0.62 0.21
20.61 0.62 0.21
20.62 0.63 0.21
20.62 0.63 0.21
20.63 0.63 0.21
20.63 0.63 0.21
20.64 0.63 0.21
20.64 0.63 0.21
20.65 0.63 0.21
20.65 0.63 0.20
20.66 0.63 0.20
20.66 0.63 0.20
20.67 0.64 0.20
20.67 0.64 0.20
20.68 0.64 0.20
20.68 0.64 0.20
20.69 0.64 0.20
20.69 0.64 0.20
20.70 0.64 0.20
20.70 0.64 0.20
20.71 0.64 0.20
20.71 0.64 0.20
20.72 0.65 0.20
20.72 0.65 0.20
20.73 0.65 0.20
20.73 0.65 0.20
20.74 0.65 0.20
20.74 0.65 0.20
20.75 0.65 0.20
20.75 0.65 0.20
20.76 0.65 0.19
20.76 0.65 0.19
20.77 0.66 0.19
20.77 0.66 0.19
20.78 0.66 0.19
20.78 0.66 0.19
20.79 0.66 0.19
20.79 0.66 0.19
20.80 0.66 0.19
20.80 0.66 0.19
20.81 0.66 0.19
20.81 0.66 0.19
20.82 0.67 0.19
20.82 0.67 0.19
20.83 0.67 0.19
20.83 0.67 0.19
20.84 0.67 0.19
20.84 0.67 0.19
20.85 0.67 0.19
20.85 0.67 0.19
20.86 0.67 0.19
20.86 0.67 0.18
20.87 0.67 0.18
20.87 0.68 0.18
20.88 0.68 0.18
20.88 0.68 0.18
20.89 0.68 0.18
20.89 0.68 0.18
20.90 0.68 0.18
20.90 0.68 0.18
20.91 0.68 0.18
20.91 0.68 0.18
20.92 0.68 0.18
20.92 0.68 0.18
20.93 0.69 0.18
20.93 0.69 0.18
20.94 0.69 0.18
20.94 0.69 0.18
20.95 0.69 0.18
20.95 0.69 0.18
20.96 0.69 0.18
20.96 0.69 0.18
20.97 0.69 0.18
20.97 0.69 0.18
20.98 0.69 0.17
20.98 0.70 0.17
20.99 0.70 0.17
20.99 0.70 0.17
21.00 0.70 0.17
21.00 0.70 0.17
21.01 0.70 0.17
21.01 0.70 0.17
21.02 0.70 0.17
21.02 0.70 0.17
21.03 0.70 0.17
21.03 0.70 0.17
21.04 0.70 0.17
21.04 0.71 0.17
21.05 0.71 0.17
21.05 0.71 0.17
21.06 0.71 0.17
21.06 0.71 0.17
21.07 0.71 0.17
21.07 0.71 0.17
21.08 0.71 0.17
21.08 0.71 0.17
21.09 0.71 0.17
21.09 0.71 0.17
21.10 0.71 0.16
21.10 0.72 0.16
21.11 0.72 0.16
21.11 0.72 0.16
21.12 0.72 0.16
21.12 0.72 0.16
21.13 0.72 0.16
21.13 0.72 0.16
21.14 0.72 0.16
21.14 0.72 0.16
21.15 0.72 0.16
21.15 0.72 0.16
21.16 0.72 0.16
21.16 0.73 0.16
21.17 0.73 0.16
21.17 0.73 0.16
21.18 0.73 0.16
21.18 0.73 0.16
21.19 0.73 0.16
21.19 0.73 0.16
21.20 0.73 0.16
21.20 0.73 0.16
21.21 0.73 0.16
21.21 0.73 0.16
21.22 0.73 0.16
21.22 0.73 0.15
21.23 0.74 0.15
21.23 0.74 0.15
21.24 0.74 0.15
21.24 0.74 0.15
21.25 0.74 0.15
21.25 0.74 0.15
21.26 0.74 0.15
21.26 0.74 0.15
21.27 0.74 0.15
21.27 0.74 0.15
21.28 0.74 0.15
21.28 0.74 0.15
21.29 0.74 0.15
21.29 0.75 0.15
21.30 0.75 0.15
21.30 0.75 0.15
21.31 0.75 0.15
21.31 0.75 0.15
21.32 0.75 0.15
21.32 0.75 0.15
21.33 0.75 0.15
21.33 0.75 0.15
21.34 0.75 0.15
21.34 0.75 0.15
21.35 0.75 0.15
21.35 0.75 0.15
21.36 0.75 0.14
21.36 0.76 0.14
21.37 0.76 0.14
21.37 0.76 0.14
21.38 0.76 0.14
21.38 0.76 0.14
21.39 0.76 0.14
21.39 0.76 0.14
21.40 0.76 0.14
21.40 0.76 0.14
21.41 0.76 0.14
21.41 0.76 0.14
21.42 0.76 0.14
21.42 0.76 0.14
21.43 0.76 0.14
21.43 0.77 0.14
21.44 0.77 0.14
21.44 0.77 0.14
21.45 0.77 0.14
21.45 0.77 0.14
21.46 0.77 0.14
21.46 0.77 0.14
21.47 0.77 0.14
21.47 0.77 0.14
21.48 0.77 0.14
21.48 0.77 0.14
21.49 0.77 0.14
21.49 0.77 0.14
21.50 0.77 0.14
21.50 0.78 0.13
21.51 0.78 0.13
21.51 0.78 0.13
21.52 0.78 0.13
21.52 0.78 0.13
21.53 0.78 0.13
21.53 0.78 0.13
21.54 0.78 0.13
21.54 0.78 0.13
21.55 0.78 0.13
21.55 0.78 0.13
21.56 0.78 0.13
21.56 0.78 0.13
21.57 0.78 0.13
21.57 0.78 0.13
21.58 0.78 0.13
21.58 0.79 0.13
21.59 0.79 0.13
21.59 0.79 0.13
21.60 0.79 0.13
21.60 0.79 0.13
21.61 0.79 0.13
21.61 0.79 0.13
21.62 0.79 0.13
21.62 0.79 0.13
21.63 0.79 0.13
21.63 0.79 0.13
21.64 0.79 0.13
21.64 0.79 0.13
21.65 0.79 0.13
21.65 0.79 0.13
21.66 0.80 0.13
21.66 0.80 0.12
21.67 0.80 0.12
21.67 0.80 0.12
21.68 0.80 0.12
21.68 0.80 0.12
21.69 0.80 0.12
21.69 0.80 0.12
21.70 0.80 0.12
21.70 0.80 0.12
21.71 0.80 0.12
21.71 0.80 0.12
21.72 0.80 0.12
21.72 0.80 0.12
21.73 0.80 0.12
21.73 0.80 0.12
21.74 0.80 0.12
21.74 0.81 0.12
21.75 0.81 0.12
21.75 0.81 0.12
21.76 0.81 0.12
21.76 0.81 0.12
21.77 0.81 0.12
21.77 0.81 0.12
21.78 0.81 0.12
21.78 0.81 0.12
21.79 0.81 0.12
21.79 0.81 0.12
21.80 0.81 0.12
21.80 0.81 0.12
21.81 0.81 0.12
21.81 0.81 0.12
21.82 0.81 0.12
21.82 0.81 0.12
21.83 0.82 0.12
21.83 0.82 0.11
21.84 0.82 0.11
21.84 0.82 0.11
21.85 0.82 0.11
21.85 0.82 0.11
21.86 0.82 0.11
21.86 0.82 0.11
21.87 0.82 0.11
21.87 0.82 0.11
21.88 0.82 0.11
21.88 0.82 0.11
21.89 0.82 0.11
21.89 0.82 0.11
21.90 0.82 0.11
21.90 0.82 0.11
21.91 0.82 0.11
21.91 0.83 0.11
21.92 0.83 0.11
21.92 0.83 0.11
21.93 0.83 0.11
21.93 0.83 0.11
21.94 0.83 0.11
21.94 0.83 0.11
21.95 0.83 0.11
21.95 0.83 0.11
21.96 0.83 0.11
21.96 0.83 0.11
21.97 0.83 0.11
21.97 0.83 0.11
21.98 0.83 0.11
21.98 0.83 0.11
21.99 0.83 0.11
21.99 0.83 0.11
22.00 0.83 0.11
22.00 0.83 0.11
22.01 0.84 0.11
22.01 0.84 0.11
22.02 0.84 0.10
22.02 0.84 0.10
22.03 0.84 0.10
22.03 0.84 0.10
22.04 0.84 0.10
22.04 0.84 0.10
22.05 0.84 0.10
22.05 0.84 0.10
22.06 0.84 0.10
22.06 0.84 0.10
22.07 0.84 0.10
22.07 0.84 0.10
22.08 0.84 0.10
22.08 0.84 0.10
22.09 0.84 0.10
22.09 0.84 0.10
22.10 0.84 0.10
22.10 0.85 0.10
22.11 0.85 0.10
22.11 0.85 0.10
22.12 0.85 0.10
22.12 0.85 0.10
22.13 0.85 0.10
22.13 0.85 0.10
22.14 0.85 0.10
22.14 0.85 0.10
22.15 0.85 0.10
22.15 0.85 0.10
22.16 0.85 0.10
22.16 0.85 0.10
22.17 0.85 0.10
22.17 0.85 0.10
22.18 0.85 0.10
22.18 0.85 0.10
22.19 0.85 0.10
22.19 0.85 0.10
22.20 0.85 0.10
22.20 0.85 0.10
22.21 0.86 0.10
22.21 0.86 0.10
22.22 0.86 0.10
22.22 0.86 0.09
22.23 0.86 0.09
22.23 0.86 0.09
22.24 0.86 0.09
22.24 0.86 0.09
22.25 0.86 0.09
